trial,cycle,observation_time_s,command_time_s,success_marker,measured_shoulder_pan_deg,measured_shoulder_pan_rad,measured_shoulder_lift_deg,measured_shoulder_lift_rad,measured_elbow_flex_deg,measured_elbow_flex_rad,measured_wrist_flex_deg,measured_wrist_flex_rad,measured_wrist_roll_deg,measured_wrist_roll_rad,measured_gripper_hw,measured_gripper_norm,policy_shoulder_pan_rad,policy_shoulder_lift_rad,policy_elbow_flex_rad,policy_wrist_flex_rad,policy_wrist_roll_rad,policy_gripper_norm,sent_shoulder_pan_deg,sent_shoulder_pan_rad,sent_shoulder_lift_deg,sent_shoulder_lift_rad,sent_elbow_flex_deg,sent_elbow_flex_rad,sent_wrist_flex_deg,sent_wrist_flex_rad,sent_wrist_roll_deg,sent_wrist_roll_rad,sent_gripper_hw,sent_gripper_norm,gripper_hard_clamped,gripper_step_clamped,gripper_correction_hw,urdf_violation_shoulder_pan_deg,step_violation_shoulder_pan_deg,safety_correction_shoulder_pan_deg,urdf_violation_shoulder_lift_deg,step_violation_shoulder_lift_deg,safety_correction_shoulder_lift_deg,urdf_violation_elbow_flex_deg,step_violation_elbow_flex_deg,safety_correction_elbow_flex_deg,urdf_violation_wrist_flex_deg,step_violation_wrist_flex_deg,safety_correction_wrist_flex_deg,urdf_violation_wrist_roll_deg,step_violation_wrist_roll_deg,safety_correction_wrist_roll_deg
5,0,0.0014962649438530207,0.18955407000612468,False,-11.472527503967285,-0.2002333700656891,-93.75823974609375,-1.636389970779419,91.56044006347656,1.5980311632156372,79.51648712158203,1.387824535369873,92.3956069946289,1.6126075983047485,0.7554945054945055,0.007554945054945055,-0.1988806128501892,-1.728568196296692,1.6147960424423218,1.3800841569900513,1.611830234527588,0.0019176453351974487,-11.39501953125,-0.1988806091493734,-97.75823974609375,-1.7062031545233214,92.52099609375,1.6147960090607498,79.07299041748047,1.3800840321829597,92.35106658935547,1.611830179712783,0.19176453351974487,0.0019176453351974487,False,False,0.0,0.0,0.0,0.0,0.0,1.2814178466796875,1.2814178466796875,0.0,0.0,0.0,0.0,0.0,0.0,0.0,0.0,0.0
5,1,0.19102347898297012,0.20278869196772575,False,-11.472527503967285,-0.2002333700656891,-93.75823974609375,-1.636389970779419,91.56044006347656,1.5980311632156372,79.51648712158203,1.387824535369873,92.3956069946289,1.6126075983047485,0.7554945054945055,0.007554945054945055,-0.20087513327598572,-1.7255220413208008,1.6168361902236938,1.3819059133529663,1.6109012365341187,0.00139685720205307,-11.509296417236328,-0.200875117068761,-97.75823974609375,-1.7062031545233214,92.63788604736328,1.616836123613805,79.17737579345703,1.381905900684683,92.29783630371094,1.6109011359665089,0.139685720205307,0.00139685720205307,False,False,0.0,0.0,0.0,0.0,0.0,1.1068878173828125,1.1068878173828125,0.0,0.0,0.0,0.0,0.0,0.0,0.0,0.0,0.0
5,2,0.2246221340028569,0.2377973370021209,False,-11.472527503967285,-0.2002333700656891,-93.75823974609375,-1.636389970779419,91.56044006347656,1.5980311632156372,79.51648712158203,1.387824535369873,92.3956069946289,1.6126075983047485,0.7554945054945055,0.007554945054945055,-0.20125055313110352,-1.7198834419250488,1.6103792190551758,1.380043387413025,1.6108638048171997,0.0006949976086616516,-11.530806541442871,-0.20125053955867808,-97.75823974609375,-1.7062031545233214,92.26792907714844,1.6103791563928533,79.0706558227539,1.3800432858182816,92.29569244384766,1.6108637185531933,0.06949976086616516,0.0006949976086616516,False,False,0.0,0.0,0.0,0.0,0.0,0.7838211059570312,0.7838211059570312,0.0,0.0,0.0,0.0,0.0,0.0,0.0,0.0,0.0
5,3,0.2581621949793771,0.2699732929468155,False,-11.472527503967285,-0.2002333700656891,-94.46154022216797,-1.6486648321151733,91.56044006347656,1.5980311632156372,79.51648712158203,1.387824535369873,92.3956069946289,1.6126075983047485,0.6868131868131868,0.006868131868131868,-0.19932614266872406,-1.7161245346069336,1.6122119426727295,1.381664752960205,1.610257863998413,0.0016915351152420044,-11.420546531677246,-0.19932613935498683,-98.32669067382812,-1.7161244948483025,92.37293243408203,1.6122118106969914,79.1635513305664,1.3816646182899217,92.26097106933594,1.6102577162471456,0.16915351152420044,0.0016915351152420044,False,False,0.0,0.0,0.0,0.0,0.0,0.0,0.0,0.0,0.0,0.0,0.0,0.0,0.0,0.0,0.0,0.0
5,4,0.2914085319498554,0.30302830098662525,False,-11.472527503967285,-0.2002333700656891,-95.51648712158203,-1.6670771837234497,91.56044006347656,1.5980311632156372,79.42857360839844,1.3862900733947754,92.3956069946289,1.6126075983047485,0.6868131868131868,0.006868131868131868,-0.20656757056713104,-1.73595130443573,1.6185708045959473,1.3836005926132202,1.612153172492981,0.00122823566198349,-11.83544921875,-0.2065675573197781,-99.46267700195312,-1.7359511965317245,92.73727416992188,1.618570773589828,79.27446746826172,1.3836004700863003,92.36956787109375,1.612153087994955,0.122823566198349,0.00122823566198349,False,False,0.0,0.0,0.0,0.0,0.0,0.0,0.0,0.0,0.0,0.0,0.0,0.0,0.0,0.0,0.0,0.0
5,5,0.32485877396538854,0.3378311349079013,False,-11.472527503967285,-0.2002333700656891,-96.13186645507812,-1.6778175830841064,91.56044006347656,1.5980311632156372,79.34066009521484,1.3847557306289673,92.3956069946289,1.6126075983047485,0.6868131868131868,0.006868131868131868,-0.20814713835716248,-1.7319917678833008,1.6109102964401245,1.3838571310043335,1.6121492385864258,0.0007767826318740845,-11.925951957702637,-0.20814712809657454,-99.23580932617188,-1.7319916086229947,92.29835510253906,1.6109101907142152,79.28916931152344,1.3838570656573295,92.36933898925781,1.61214909325332,0.07767826318740845,0.0007767826318740845,False,False,0.0,0.0,0.0,0.0,0.0,0.0,0.0,0.0,0.0,0.0,0.0,0.0,0.0,0.0,0.0,0.0
5,6,0.35834432393312454,0.37282443791627884,False,-11.472527503967285,-0.2002333700656891,-96.74725341796875,-1.6885581016540527,91.56044006347656,1.5980311632156372,79.34066009521484,1.3847557306289673,92.3956069946289,1.6126075983047485,0.6868131868131868,0.006868131868131868,-0.20303544402122498,-1.7318005561828613,1.618800401687622,1.3837858438491821,1.609763503074646,0.0014285370707511902,-11.633073806762695,-0.20303544005551963,-99.22486114501953,-1.7318005268147816,92.75042724609375,1.618800338075793,79.28508758544922,1.38378582609817,92.23265075683594,1.609763433548827,0.14285370707511902,0.0014285370707511902,False,False,0.0,0.0,0.0,0.0,0.0,0.0,0.0,0.0,0.0,0.0,0.0,0.0,0.0,0.0,0.0,0.0
5,7,0.3919116120086983,0.40367815596982837,False,-11.560439109802246,-0.2017677277326584,-97.18681335449219,-1.6962298154830933,91.56044006347656,1.5980311632156372,79.25274658203125,1.3832213878631592,92.3956069946289,1.6126075983047485,0.6868131868131868,0.006868131868131868,-0.20301780104637146,-1.734950304031372,1.6137332916259766,1.3820356130599976,1.609586477279663,0.0008727088570594788,-11.632062911987305,-0.20301779661329786,-99.40532684326172,-1.7349502474360183,92.46009826660156,1.6137331414696992,79.18480682373047,1.3820355966297697,92.22250366210938,1.6095863333363367,0.08727088570594788,0.0008727088570594788,False,False,0.0,0.0,0.0,0.0,0.0,0.0,0.0,0.0,0.0,0.0,0.0,0.0,0.0,0.0,0.0,0.0
5,8,0.4251652059610933,0.4368261689087376,False,-11.560439109802246,-0.2017677277326584,-97.45054626464844,-1.7008328437805176,91.56044006347656,1.5980311632156372,79.25274658203125,1.3832213878631592,92.3956069946289,1.6126075983047485,0.6868131868131868,0.006868131868131868,-0.20735403895378113,-1.728058099746704,1.6174225807189941,1.3825523853302002,1.610022783279419,0.0009026601910591125,-11.880510330200195,-0.20735402207919212,-99.01042938232422,-1.728057986534893,92.6714859008789,1.6174225516858405,79.21440887451172,1.3825522498812453,92.24750518798828,1.6100226922809462,0.09026601910591125,0.0009026601910591125,False,False,0.0,0.0,0.0,0.0,0.0,0.0,0.0,0.0,0.0,0.0,0.0,0.0,0.0,0.0,0.0,0.0
5,9,0.45935467490926385,0.4713078129570931,False,-11.560439109802246,-0.2017677277326584,-97.53845977783203,-1.7023673057556152,91.64835357666016,1.5995655059814453,79.16483306884766,1.3816869258880615,92.3956069946289,1.6126075983047485,0.6868131868131868,0.006868131868131868,-0.2083386480808258,-1.7275255918502808,1.6126750707626343,1.382378101348877,1.6170506477355957,0.0014032945036888123,-11.936924934387207,-0.20833864266846486,-98.97991943359375,-1.7275254874749317,92.39946746826172,1.6126749344105562,79.20442962646484,1.382378079145954,92.6501693725586,1.6170505080815563,0.14032945036888123,0.0014032945036888123,False,False,0.0,0.0,0.0,0.0,0.0,0.0,0.0,0.0,0.0,0.0,0.0,0.0,0.0,0.0,0.0,0.0
5,10,0.4926149459788576,0.5031161899678409,False,-11.560439109802246,-0.2017677277326584,-97.62637329101562,-1.7039016485214233,91.73626708984375,1.6010998487472534,79.16483306884766,1.3816869258880615,92.3956069946289,1.6126075983047485,0.6868131868131868,0.006868131868131868,-0.20606979727745056,-1.7321146726608276,1.612286925315857,1.3842670917510986,1.6141315698623657,0.0020060911774635315,-11.806928634643555,-0.20606977922252867,-99.24285125732422,-1.732114513507302,92.37722778320312,1.612286778681677,79.31266021728516,1.384267059307147,92.48291778564453,1.6141314172107204,0.20060911774635315,0.0020060911774635315,False,False,0.0,0.0,0.0,0.0,0.0,0.0,0.0,0.0,0.0,0.0,0.0,0.0,0.0,0.0,0.0,0.0
5,11,0.5265319159952924,0.5367979150032625,False,-11.560439109802246,-0.2017677277326584,-97.62637329101562,-1.7039016485214233,91.73626708984375,1.6010998487472534,79.16483306884766,1.3816869258880615,92.3956069946289,1.6126075983047485,0.6868131868131868,0.006868131868131868,-0.2039962112903595,-1.7333950996398926,1.611282229423523,1.38324773311615,1.621654748916626,0.0016945898532867432,-11.68812084197998,-0.2039961920635225,-99.31621551513672,-1.733394961359412,92.31966400146484,1.6112821011604448,79.2542495727539,1.3832476012418649,92.91397094726562,1.6216547141321398,0.16945898532867432,0.0016945898532867432,False,False,0.0,0.0,0.0,0.0,0.0,0.0,0.0,0.0,0.0,0.0,0.0,0.0,0.0,0.0,0.0,0.0
5,12,0.5599495789501816,0.5717923579504713,False,-11.560439109802246,-0.2017677277326584,-97.62637329101562,-1.7039016485214233,91.73626708984375,1.6010998487472534,79.16483306884766,1.3816869258880615,92.3956069946289,1.6126075983047485,0.6868131868131868,0.006868131868131868,-0.20610442757606506,-1.7496541738510132,1.603739619255066,1.38632333278656,1.6183747053146362,0.0011841058731079102,-11.808913230895996,-0.2061044169614565,-100.00004577636719,-1.7453300509426566,91.88750457763672,1.6037394963211222,79.43047332763672,1.3863232859847974,92.72603607177734,1.6183746317755436,0.11841058731079102,0.0011841058731079102,False,False,0.0,0.0,0.0,0.0,0.24774932861328125,0.0,0.24774932861328125,0.0,0.0,0.0,0.0,0.0,0.0,0.0,0.0,0.0
5,13,0.5933349370025098,0.6062069779727608,False,-11.560439109802246,-0.2017677277326584,-97.80220031738281,-1.706970453262329,91.73626708984375,1.6010998487472534,79.16483306884766,1.3816869258880615,92.3956069946289,1.6126075983047485,0.6868131868131868,0.006868131868131868,-0.20800483226776123,-1.7376010417938232,1.59513521194458,1.385570764541626,1.6170523166656494,0.0011686310172080994,-11.917798042297363,-0.2080048154258234,-99.55719757080078,-1.737600891668974,91.3945083618164,1.5951350891551852,79.3873519897461,1.385570676660741,92.6502685546875,1.617052239136265,0.11686310172080994,0.0011686310172080994,False,False,0.0,0.0,0.0,0.0,0.0,0.0,0.0,0.0,0.0,0.0,0.0,0.0,0.0,0.0,0.0,0.0
5,14,0.6268634229199961,0.6371383579680696,False,-11.560439109802246,-0.2017677277326584,-97.89010620117188,-1.7085046768188477,91.73626708984375,1.6010998487472534,79.16483306884766,1.3816869258880615,92.3956069946289,1.6126075983047485,0.6868131868131868,0.006868131868131868,-0.20626094937324524,-1.7336317300796509,1.5962425470352173,1.3864825963974,1.61589515209198,0.0015482380986213684,-11.81788158416748,-0.2062609442545259,-99.32977294921875,-1.7336315832222655,91.45795440673828,1.5962424315364403,79.4395980834961,1.3864825430179841,92.58396911621094,1.6158950956426255,0.15482380986213684,0.0015482380986213684,False,False,0.0,0.0,0.0,0.0,0.0,0.0,0.0,0.0,0.0,0.0,0.0,0.0,0.0,0.0,0.0,0.0
5,15,0.6599526389036328,0.6708028509747237,False,-11.560439109802246,-0.2017677277326584,-97.97801971435547,-1.7100390195846558,91.73626708984375,1.6010998487472534,79.16483306884766,1.3816869258880615,92.3956069946289,1.6126075983047485,0.6868131868131868,0.006868131868131868,-0.20509113371372223,-1.735430121421814,1.5782418251037598,1.3896013498306274,1.6200025081634521,0.0012572258710861206,-11.750855445861816,-0.205091117456195,-99.43281555175781,-1.735430015906396,90.42658996582031,1.578241726254431,79.6182861328125,1.3896012378125213,92.81929779052734,1.6200023558338001,0.12572258710861206,0.0012572258710861206,False,False,0.0,0.0,0.0,0.0,0.0,0.0,0.0,0.0,0.0,0.0,0.0,0.0,0.0,0.0,0.0,0.0
5,16,0.6934753769310191,0.7049034379888326,False,-11.560439109802246,-0.2017677277326584,-97.97801971435547,-1.7100390195846558,91.73626708984375,1.6010998487472534,79.16483306884766,1.3816869258880615,92.3956069946289,1.6126075983047485,0.6868131868131868,0.006868131868131868,-0.2053089588880539,-1.7371381521224976,1.5921765565872192,1.3872792720794678,1.6176905632019043,0.0011355206370353699,-11.763336181640625,-0.20530894738860664,-99.53067779541016,-1.7371380342715184,91.22499084472656,1.5921764503421618,79.48524475097656,1.3872792276580814,92.68683624267578,1.6176904656915023,0.11355206370353699,0.0011355206370353699,False,False,0.0,0.0,0.0,0.0,0.0,0.0,0.0,0.0,0.0,0.0,0.0,0.0,0.0,0.0,0.0,0.0
5,17,0.7268105989787728,0.7382513469783589,False,-11.560439109802246,-0.2017677277326584,-98.06593322753906,-1.7115733623504639,91.73626708984375,1.6010998487472534,79.16483306884766,1.3816869258880615,92.3956069946289,1.6126075983047485,0.6868131868131868,0.006868131868131868,-0.21054112911224365,-1.7288810014724731,1.5486299991607666,1.389957070350647,1.620951533317566,0.0007251575589179993,-12.063117027282715,-0.21054111017947402,-99.05757904052734,-1.7288809033117276,88.7299575805664,1.5486299049357857,79.638671875,1.389957036134156,92.8736801147461,1.6209515064463045,0.07251575589179993,0.0007251575589179993,False,False,0.0,0.0,0.0,0.0,0.0,0.0,0.0,0.0,0.0,0.0,0.0,0.0,0.0,0.0,0.0,0.0
5,18,0.7601833419175819,0.7717003650031984,False,-11.560439109802246,-0.2017677277326584,-98.06593322753906,-1.7115733623504639,91.73626708984375,1.6010998487472534,79.16483306884766,1.3816869258880615,92.3956069946289,1.6126075983047485,0.6868131868131868,0.006868131868131868,-0.2018541842699051,-1.686556100845337,1.4627389907836914,1.4140288829803467,1.6302660703659058,0.00011605769395828247,-11.56539249420166,-0.20185417830925817,-96.63253784179688,-1.6865559498973708,87.73626708984375,1.531286734126917,81.01788330078125,1.4140288165951642,93.40736389160156,1.6302660455169111,0.011605769395828247,0.00011605769395828247,False,False,0.0,0.0,0.0,0.0,0.0,0.0,0.0,0.0,3.9274978637695312,3.9274978637695312,0.0,0.0,0.0,0.0,0.0,0.0
5,19,0.7935825519962236,0.8042994809802622,False,-11.560439109802246,-0.2017677277326584,-98.06593322753906,-1.7115733623504639,91.73626708984375,1.6010998487472534,79.16483306884766,1.3816869258880615,92.3956069946289,1.6126075983047485,0.6868131868131868,0.006868131868131868,-0.20583392679691315,-1.665104627609253,1.4222489595413208,1.409618616104126,1.629790186882019,-0.0003129690885543823,-11.793415069580078,-0.20583392301848852,-95.4034652709961,-1.6651045867909462,87.73626708984375,1.531286734126917,80.76519012451172,1.4096184886719385,93.38009643554688,1.629790138630114,0.0,0.0,True,False,0.03129690885543823,0.0,0.0,0.0,0.0,0.0,0.0,0.0,6.247406005859375,6.247406005859375,0.0,0.0,0.0,0.0,0.0,0.0
5,20,0.8270125649869442,0.8374256399692968,False,-11.560439109802246,-0.2017677277326584,-98.06593322753906,-1.7115733623504639,91.38461303710938,1.5949623584747314,79.16483306884766,1.3816869258880615,92.3956069946289,1.6126075983047485,0.6868131868131868,0.006868131868131868,-0.20605477690696716,-1.6600228548049927,1.471975326538086,1.3959827423095703,1.6227455139160156,4.953145980834961e-05,-11.806068420410156,-0.20605476565188333,-95.11229705810547,-1.660022742798857,87.38461303710938,1.5251492130787205,79.98391723632812,1.3959827044165694,92.9764633178711,1.6227454117565818,0.004953145980834961,4.953145980834961e-05,False,False,0.0,0.0,0.0,0.0,0.0,0.0,0.0,0.0,3.0466461181640625,3.0466461181640625,0.0,0.0,0.0,0.0,0.0,0.0
5,21,0.8605042659910396,0.8717330319341272,False,-11.560439109802246,-0.2017677277326584,-97.18681335449219,-1.6962298154830933,90.76923370361328,1.5842219591140747,79.69230651855469,1.3908931016921997,92.48351287841797,1.614141821861267,0.6868131868131868,0.006868131868131868,-0.20847269892692566,-1.7161622047424316,1.5638344287872314,1.3915894031524658,1.6207128763198853,0.0001309812068939209,-11.944604873657227,-0.2084726828950799,-98.32884216308594,-1.7161620454196727,89.60110473632812,1.5638342910732115,79.73219299316406,1.3915892875662657,92.86000061035156,1.6207127540545787,0.01309812068939209,0.0001309812068939209,False,False,0.0,0.0,0.0,0.0,0.0,0.0,0.0,0.0,0.0,0.0,0.0,0.0,0.0,0.0,0.0,0.0
5,22,0.893901590956375,0.9045317689888179,False,-11.560439109802246,-0.2017677277326584,-96.48351287841797,-1.6839549541473389,90.68132019042969,1.5826876163482666,79.86813354492188,1.3939619064331055,92.48351287841797,1.614141821861267,0.6868131868131868,0.006868131868131868,-0.2093847393989563,-1.7380539178848267,1.5991854667663574,1.3871374130249023,1.6187243461608887,-0.00011948496103286743,-11.996861457824707,-0.20938473234464797,-99.58314514160156,-1.738053762212342,91.62657165527344,1.5991853576990323,79.47711181640625,1.3871372811719802,92.7460708618164,1.618724304826671,0.0,0.0,True,False,0.011948496103286743,0.0,0.0,0.0,0.0,0.0,0.0,0.0,0.0,0.0,0.0,0.0,0.0,0.0,0.0,0.0
5,23,0.9273799929069355,0.9391343519091606,False,-11.560439109802246,-0.2017677277326584,-96.21977996826172,-1.6793519258499146,90.68132019042969,1.5826876163482666,79.95604705810547,1.3954962491989136,92.48351287841797,1.614141821861267,0.6868131868131868,0.006868131868131868,-0.2061920166015625,-1.7414494752883911,1.609929084777832,1.3851960897445679,1.6190379858016968,0.0005632713437080383,-11.813931465148926,-0.20619200167180649,-99.77770233154297,-1.7414494257602475,92.24213409423828,1.6099289490105755,79.36588287353516,1.3851959698953669,92.7640380859375,1.619037892045028,0.05632713437080383,0.0005632713437080383,False,False,0.0,0.0,0.0,0.0,0.0,0.0,0.0,0.0,0.0,0.0,0.0,0.0,0.0,0.0,0.0,0.0
5,24,0.9606300399173051,0.9728052970021963,False,-11.560439109802246,-0.2017677277326584,-97.0988998413086,-1.6946954727172852,90.94505310058594,1.587290644645691,79.6043930053711,1.3893587589263916,92.48351287841797,1.614141821861267,0.6868131868131868,0.006868131868131868,-0.20341500639915466,-1.737754225730896,1.6110868453979492,1.3863621950149536,1.6255240440368652,0.0001546815037727356,-11.654820442199707,-0.20341499044512637,-99.56597900390625,-1.737754156589708,92.3084716796875,1.6110867582944874,79.43270111083984,1.3863621681367126,93.13566589355469,1.625524020879916,0.01546815037727356,0.0001546815037727356,False,False,0.0,0.0,0.0,0.0,0.0,0.0,0.0,0.0,0.0,0.0,0.0,0.0,0.0,0.0,0.0,0.0
5,25,0.9941210770048201,1.007709844969213,False,-11.560439109802246,-0.2017677277326584,-97.89010620117188,-1.7085046768188477,91.47252655029297,1.5964967012405396,79.34066009521484,1.3847557306289673,92.57142639160156,1.6156761646270752,0.6868131868131868,0.006868131868131868,-0.202778622508049,-1.7297813892364502,1.5952430963516235,1.3863791227340698,1.6220855712890625,0.0015952065587043762,-11.618358612060547,-0.2027786114578951,-99.10916900634766,-1.7297813180762835,91.40068817138672,1.5952429471793335,79.43367004394531,1.3863790792096344,92.93865203857422,1.6220854804384601,0.15952065587043762,0.0015952065587043762,False,False,0.0,0.0,0.0,0.0,0.0,0.0,0.0,0.0,0.0,0.0,0.0,0.0,0.0,0.0,0.0,0.0
5,26,1.0276265089632943,1.0384807699592784,False,-11.560439109802246,-0.2017677277326584,-98.06593322753906,-1.7115733623504639,91.47252655029297,1.5964967012405396,79.34066009521484,1.3847557306289673,92.57142639160156,1.6156761646270752,0.6868131868131868,0.006868131868131868,-0.20128095149993896,-1.7428781986236572,1.5898774862289429,1.386256217956543,1.6250593662261963,0.0013059228658676147,-11.532547950744629,-0.20128093288461862,-99.85955810546875,-1.7428780785270206,91.09326171875,1.5898773433730964,79.42662811279297,1.3862561743253274,93.10903930664062,1.625059299269697,0.13059228658676147,0.0013059228658676147,False,False,0.0,0.0,0.0,0.0,0.0,0.0,0.0,0.0,0.0,0.0,0.0,0.0,0.0,0.0,0.0,0.0
5,27,1.0608792660059407,1.0717057099100202,False,-11.560439109802246,-0.2017677277326584,-98.06593322753906,-1.7115733623504639,91.47252655029297,1.5964967012405396,79.34066009521484,1.3847557306289673,92.57142639160156,1.6156761646270752,0.6868131868131868,0.006868131868131868,-0.2028960883617401,-1.7278114557266235,1.5831924676895142,1.3872946500778198,1.622069239616394,0.0019956231117248535,-11.625088691711426,-0.20289607350672442,-98.99629974365234,-1.7278113778179518,90.71024322509766,1.583192409562834,79.48612213134766,1.3872945408343493,92.93771362304688,1.6220691019977562,0.19956231117248535,0.0019956231117248535,False,False,0.0,0.0,0.0,0.0,0.0,0.0,0.0,0.0,0.0,0.0,0.0,0.0,0.0,0.0,0.0,0.0
5,28,1.094241656945087,1.1050545189063996,False,-11.560439109802246,-0.2017677277326584,-98.15384674072266,-1.7131078243255615,91.47252655029297,1.5964967012405396,79.34066009521484,1.3847557306289673,92.57142639160156,1.6156761646270752,0.6868131868131868,0.006868131868131868,-0.20035585761070251,-1.731326699256897,1.594583511352539,1.3851081132888794,1.6242084503173828,0.0011672750115394592,-11.479544639587402,-0.20035585059046596,-99.19770812988281,-1.731326617298802,91.36289978027344,1.5945834153353753,79.36084747314453,1.3851080855793942,93.06028747558594,1.6242084193014168,0.11672750115394592,0.0011672750115394592,False,False,0.0,0.0,0.0,0.0,0.0,0.0,0.0,0.0,0.0,0.0,0.0,0.0,0.0,0.0,0.0,0.0
5,29,1.1276368849212304,1.1387112339725718,False,-11.560439109802246,-0.2017677277326584,-98.15384674072266,-1.7131078243255615,91.47252655029297,1.5964967012405396,79.34066009521484,1.3847557306289673,92.57142639160156,1.6156761646270752,0.6868131868131868,0.006868131868131868,-0.2032628059387207,-1.7371916770935059,1.5890181064605713,1.389798879623413,1.630560278892517,0.0006425604224205017,-11.646100044250488,-0.20326279078882833,-99.53374481201172,-1.7371915638094289,91.04402923583984,1.5890180744473823,79.62960815429688,1.3897988443654052,93.4242172241211,1.6305601916593102,0.06425604224205017,0.0006425604224205017,False,False,0.0,0.0,0.0,0.0,0.0,0.0,0.0,0.0,0.0,0.0,0.0,0.0,0.0,0.0,0.0,0.0
5,30,1.1613454499747604,1.3308073009829968,False,-11.560439109802246,-0.2017677277326584,-98.15384674072266,-1.7131078243255615,91.47252655029297,1.5964967012405396,79.34066009521484,1.3847557306289673,92.57142639160156,1.6156761646270752,0.6868131868131868,0.006868131868131868,-0.19544392824172974,-1.7628215551376343,1.61676025390625,1.3795796632766724,1.623625636100769,0.0008972883224487305,-11.198111534118652,-0.1954439162759238,-100.00004577636719,-1.7453300509426566,92.63353729248047,1.6167602235227376,79.0440902709961,1.3795796294724987,93.02689361572266,1.623625586496853,0.08972883224487305,0.0008972883224487305,False,False,0.0,0.0,0.0,0.0,1.0021820068359375,0.0,1.0021820068359375,0.0,0.0,0.0,0.0,0.0,0.0,0.0,0.0,0.0
5,31,1.3322798369918019,1.343031225958839,False,-11.560439109802246,-0.2017677277326584,-98.15384674072266,-1.7131078243255615,91.47252655029297,1.5964967012405396,79.34066009521484,1.3847557306289673,92.57142639160156,1.6156761646270752,0.6868131868131868,0.006868131868131868,-0.1954326629638672,-1.756237268447876,1.6114550828933716,1.3833789825439453,1.6121596097946167,0.0013243481516838074,-11.197465896606445,-0.1954326477755614,-100.00004577636719,-1.7453300509426566,92.3295669555664,1.6114549403151908,79.26177215576172,1.3833788950836057,92.36993408203125,1.6121594795815712,0.13243481516838074,0.0013243481516838074,False,False,0.0,0.0,0.0,0.0,0.6249313354492188,0.0,0.6249313354492188,0.0,0.0,0.0,0.0,0.0,0.0,0.0,0.0,0.0
5,32,1.365726049989462,1.3757593519985676,False,-11.560439109802246,-0.2017677277326584,-98.15384674072266,-1.7131078243255615,91.47252655029297,1.5964967012405396,79.34066009521484,1.3847557306289673,92.57142639160156,1.6156761646270752,0.6868131868131868,0.006868131868131868,-0.19987161457538605,-1.7522960901260376,1.6060763597488403,1.383260726928711,1.6197141408920288,0.00014044344425201416,-11.451799392700195,-0.1998716046805055,-100.00004577636719,-1.7453300509426566,92.02139282226562,1.6060762870196124,79.25499725341797,1.3832606507312062,92.80278015136719,1.6197140686457991,0.014044344425201416,0.00014044344425201416,False,False,0.0,0.0,0.0,0.0,0.39911651611328125,0.0,0.39911651611328125,0.0,0.0,0.0,0.0,0.0,0.0,0.0,0.0,0.0
5,33,1.3990646169986576,1.4109983969246969,False,-11.560439109802246,-0.2017677277326584,-98.15384674072266,-1.7131078243255615,91.47252655029297,1.5964967012405396,79.34066009521484,1.3847557306289673,92.48351287841797,1.614141821861267,0.6868131868131868,0.006868131868131868,-0.20203951001167297,-1.7341705560684204,1.601450800895691,1.3812459707260132,1.6149754524230957,0.0006401985883712769,-11.576010704040527,-0.20203950103161405,-99.36064910888672,-1.734170473868843,91.7563705444336,1.6014507756803082,79.13955688476562,1.3812458362085067,92.5312728881836,1.6149753729601666,0.06401985883712769,0.0006401985883712769,False,False,0.0,0.0,0.0,0.0,0.0,0.0,0.0,0.0,0.0,0.0,0.0,0.0,0.0,0.0,0.0,0.0
5,34,1.4326215269975364,1.4459108309820294,False,-11.560439109802246,-0.2017677277326584,-98.15384674072266,-1.7131078243255615,91.47252655029297,1.5964967012405396,79.34066009521484,1.3847557306289673,92.48351287841797,1.614141821861267,0.6868131868131868,0.006868131868131868,-0.19881393015384674,-1.738938808441162,1.615595817565918,1.3825154304504395,1.6137889623641968,-0.00033435970544815063,-11.39119815826416,-0.19881391360882372,-99.63385009765625,-1.7389387306425754,92.56681823730469,1.6155957563361005,79.21229553222656,1.3825153651001476,92.46329498291016,1.6137889346945362,0.0,0.0,True,False,0.033435970544815063,0.0,0.0,0.0,0.0,0.0,0.0,0.0,0.0,0.0,0.0,0.0,0.0,0.0,0.0,0.0
5,35,1.4661453659646213,1.478968109935522,False,-11.560439109802246,-0.2017677277326584,-98.15384674072266,-1.7131078243255615,91.47252655029297,1.5964967012405396,79.34066009521484,1.3847557306289673,92.48351287841797,1.614141821861267,0.6868131868131868,0.006868131868131868,-0.20110926032066345,-1.7449579238891602,1.6061707735061646,1.3826996088027954,1.6193187236785889,-0.00020948797464370728,-11.522710800170898,-0.20110924221809257,-99.97872161865234,-1.744957874180318,92.02680206298828,1.6061706960802555,79.22284698486328,1.3826995226895267,92.78012084960938,1.6193185892239224,0.0,0.0,True,False,0.020948797464370728,0.0,0.0,0.0,0.0,0.0,0.0,0.0,0.0,0.0,0.0,0.0,0.0,0.0,0.0,0.0
5,36,1.4992644579615444,1.5099460169440135,False,-11.560439109802246,-0.2017677277326584,-98.15384674072266,-1.7131078243255615,91.47252655029297,1.5964967012405396,79.34066009521484,1.3847557306289673,92.48351287841797,1.614141821861267,0.6868131868131868,0.006868131868131868,-0.201227605342865,-1.7526768445968628,1.6192928552627563,1.3827440738677979,1.614423394203186,0.0004720836877822876,-11.529491424560547,-0.20122758643903296,-100.00004577636719,-1.7453300509426566,92.77864074707031,1.6192927565613486,79.22539520263672,1.3827439974797309,92.49964141845703,1.6144232996661931,0.04720836877822876,0.0004720836877822876,False,False,0.0,0.0,0.0,0.0,0.42093658447265625,0.0,0.42093658447265625,0.0,0.0,0.0,0.0,0.0,0.0,0.0,0.0,0.0
5,37,1.5332235610112548,1.5432285600109026,False,-11.560439109802246,-0.2017677277326584,-98.15384674072266,-1.7131078243255615,91.47252655029297,1.5964967012405396,79.34066009521484,1.3847557306289673,92.48351287841797,1.614141821861267,0.6868131868131868,0.006868131868131868,-0.20215940475463867,-1.7593392133712769,1.6125602722167969,1.3829047679901123,1.614915132522583,0.00029417872428894043,-11.582880020141602,-0.20215939321493806,-100.00004577636719,-1.7453300509426566,92.39289093017578,1.6125601521675736,79.23460388183594,1.3829047192515171,92.52781677246094,1.6149150523614764,0.029417872428894043,0.00029417872428894043,False,False,0.0,0.0,0.0,0.0,0.8026580810546875,0.0,0.8026580810546875,0.0,0.0,0.0,0.0,0.0,0.0,0.0,0.0,0.0
5,38,1.5668081699404866,1.5772393719526008,False,-11.560439109802246,-0.2017677277326584,-98.15384674072266,-1.7131078243255615,91.64835357666016,1.5995655059814453,79.34066009521484,1.3847557306289673,92.48351287841797,1.614141821861267,0.6868131868131868,0.006868131868131868,-0.2028997540473938,-1.749747633934021,1.614129662513733,1.3828905820846558,1.6159313917160034,-0.000586584210395813,-11.625298500061035,-0.20289973535322328,-100.00004577636719,-1.7453300509426566,92.4828109741211,1.6141295529979574,79.2337875366211,1.3828904713396852,92.58604431152344,1.6159313146334504,0.0,0.0,True,False,0.0586584210395813,0.0,0.0,0.0,0.25310516357421875,0.0,0.25310516357421875,0.0,0.0,0.0,0.0,0.0,0.0,0.0,0.0,0.0
5,39,1.6000380569603294,1.6108074919320643,False,-11.560439109802246,-0.2017677277326584,-98.15384674072266,-1.7131078243255615,91.73626708984375,1.6010998487472534,79.34066009521484,1.3847557306289673,92.48351287841797,1.614141821861267,0.6868131868131868,0.006868131868131868,-0.2041713148355484,-1.7544047832489014,1.5921467542648315,1.385555624961853,1.6252102851867676,0.0008307844400405884,-11.69815444946289,-0.20417131154995205,-100.00004577636719,-1.7453300509426566,91.22328186035156,1.5921466229379528,79.38648223876953,1.3855554966425276,93.11768341064453,1.62521016734545,0.08307844400405884,0.0008307844400405884,False,False,0.0,0.0,0.0,0.0,0.5199356079101562,0.0,0.5199356079101562,0.0,0.0,0.0,0.0,0.0,0.0,0.0,0.0,0.0
5,40,1.6343388569075614,1.644406367908232,False,-11.560439109802246,-0.2017677277326584,-98.15384674072266,-1.7131078243255615,91.73626708984375,1.6010998487472534,79.34066009521484,1.3847557306289673,92.48351287841797,1.614141821861267,0.6868131868131868,0.006868131868131868,-0.20382487773895264,-1.7650866508483887,1.610767126083374,1.382996678352356,1.6147602796554565,0.0013597682118415833,-11.678304672241211,-0.20382486758164636,-100.00004577636719,-1.7453300509426566,92.29015350341797,1.6107670458056234,79.2398681640625,1.3829965983091248,92.5189437866211,1.6147601895440882,0.13597682118415833,0.0013597682118415833,False,False,0.0,0.0,0.0,0.0,1.1319656372070312,0.0,1.1319656372070312,0.0,0.0,0.0,0.0,0.0,0.0,0.0,0.0,0.0
5,41,1.6676491639809683,1.6793150249868631,False,-11.560439109802246,-0.2017677277326584,-98.15384674072266,-1.7131078243255615,91.73626708984375,1.6010998487472534,79.34066009521484,1.3847557306289673,92.48351287841797,1.614141821861267,0.6868131868131868,0.006868131868131868,-0.20012155175209045,-1.7374451160430908,1.6058212518692017,1.3827838897705078,1.6163394451141357,0.0013999119400978088,-11.466119766235352,-0.20012154234880944,-99.54826354980469,-1.73744496358715,92.00677490234375,1.6058211561871827,79.22767639160156,1.3827838117380276,92.60942077636719,1.6163393109124506,0.13999119400978088,0.0013999119400978088,False,False,0.0,0.0,0.0,0.0,0.0,0.0,0.0,0.0,0.0,0.0,0.0,0.0,0.0,0.0,0.0,0.0
5,42,1.7011495640035719,1.7238035869086161,False,-11.560439109802246,-0.2017677277326584,-98.15384674072266,-1.7131078243255615,91.73626708984375,1.6010998487472534,79.34066009521484,1.3847557306289673,92.48351287841797,1.614141821861267,0.6868131868131868,0.006868131868131868,-0.20064298808574677,-1.76174795627594,1.6104964017868042,1.3812730312347412,1.612239956855774,0.001164369285106659,-11.49599552154541,-0.20064297264549014,-100.00004577636719,-1.7453300509426566,92.27464294433594,1.6104963354808168,79.14111328125,1.3812730004516256,92.37454223632812,1.6122399070464917,0.1164369285106659,0.001164369285106659,False,False,0.0,0.0,0.0,0.0,0.940673828125,0.0,0.940673828125,0.0,0.0,0.0,0.0,0.0,0.0,0.0,0.0,0.0
5,43,1.7349971119547263,1.748977027949877,False,-11.560439109802246,-0.2017677277326584,-98.15384674072266,-1.7131078243255615,91.73626708984375,1.6010998487472534,79.34066009521484,1.3847557306289673,92.48351287841797,1.614141821861267,0.6868131868131868,0.006868131868131868,-0.2011338174343109,-1.7436411380767822,1.6056936979293823,1.379806637763977,1.6112043857574463,0.000980474054813385,-11.524118423461914,-0.20113380987914856,-99.90327453613281,-1.7436410741793282,91.99946594238281,1.605693590770968,79.05709075927734,1.3798065307973735,92.3152084350586,1.6112043368566145,0.0980474054813385,0.000980474054813385,False,False,0.0,0.0,0.0,0.0,0.0,0.0,0.0,0.0,0.0,0.0,0.0,0.0,0.0,0.0,0.0,0.0
5,44,1.7683216820005327,1.778924357960932,False,-11.560439109802246,-0.2017677277326584,-98.15384674072266,-1.7131078243255615,91.73626708984375,1.6010998487472534,79.34066009521484,1.3847557306289673,92.48351287841797,1.614141821861267,0.6868131868131868,0.006868131868131868,-0.20262174308300018,-1.7518705129623413,1.6154556274414062,1.380615472793579,1.6165456771850586,0.002020135521888733,-11.609370231628418,-0.20262173462493263,-100.00004577636719,-1.7453300509426566,92.55878448486328,1.6154555409047078,79.10343170166016,1.3806153328204305,92.6212387084961,1.6165455727388773,0.2020135521888733,0.002020135521888733,False,False,0.0,0.0,0.0,0.0,0.37473297119140625,0.0,0.37473297119140625,0.0,0.0,0.0,0.0,0.0,0.0,0.0,0.0,0.0
5,45,1.8013790739933029,1.8123015869641677,False,-11.560439109802246,-0.2017677277326584,-98.15384674072266,-1.7131078243255615,91.73626708984375,1.6010998487472534,79.34066009521484,1.3847557306289673,92.48351287841797,1.614141821861267,0.6868131868131868,0.006868131868131868,-0.20180827379226685,-1.7684650421142578,1.6143345832824707,1.382308840751648,1.615692377090454,0.0022192969918251038,-11.562761306762695,-0.2018082554252111,-100.00004577636719,-1.7453300509426566,92.49455261230469,1.614334483243839,79.20045471191406,1.3823087037995574,92.57234954833984,1.615692295925616,0.22192969918251038,0.0022192969918251038,False,False,0.0,0.0,0.0,0.0,1.325531005859375,0.0,1.325531005859375,0.0,0.0,0.0,0.0,0.0,0.0,0.0,0.0,0.0
5,46,1.8353729050140828,1.847320823930204,False,-11.560439109802246,-0.2017677277326584,-98.15384674072266,-1.7131078243255615,91.73626708984375,1.6010998487472534,79.34066009521484,1.3847557306289673,92.48351287841797,1.614141821861267,0.6868131868131868,0.006868131868131868,-0.20140153169631958,-1.7506096363067627,1.612877607345581,1.3809919357299805,1.6118261814117432,0.002142094075679779,-11.539457321166992,-0.20140152414772877,-100.00004577636719,-1.7453300509426566,92.41107177734375,1.6128774678114566,79.12500762939453,1.3809919037985678,92.350830078125,1.6118260518130934,0.2142094075679779,0.002142094075679779,False,False,0.0,0.0,0.0,0.0,0.302490234375,0.0,0.302490234375,0.0,0.0,0.0,0.0,0.0,0.0,0.0,0.0,0.0
5,47,1.86853322701063,1.8797717919806018,False,-11.560439109802246,-0.2017677277326584,-98.15384674072266,-1.7131078243255615,91.73626708984375,1.6010998487472534,79.34066009521484,1.3847557306289673,92.48351287841797,1.614141821861267,0.6868131868131868,0.006868131868131868,-0.2058558464050293,-1.7474778890609741,1.6077901124954224,1.3839035034179688,1.6218934059143066,0.0012797489762306213,-11.794670104980469,-0.2058558275184544,-100.00004577636719,-1.7453300509426566,92.11958312988281,1.6077900311810782,79.29182434082031,1.383903404660297,92.92764282226562,1.621893333365811,0.12797489762306213,0.0012797489762306213,False,False,0.0,0.0,0.0,0.0,0.12305450439453125,0.0,0.12305450439453125,0.0,0.0,0.0,0.0,0.0,0.0,0.0,0.0,0.0
5,48,1.902001756010577,1.9130166620016098,False,-11.560439109802246,-0.2017677277326584,-98.15384674072266,-1.7131078243255615,91.73626708984375,1.6010998487472534,79.34066009521484,1.3847557306289673,92.48351287841797,1.614141821861267,0.6868131868131868,0.006868131868131868,-0.24133555591106415,-1.658190131187439,1.4193154573440552,1.386248230934143,1.627300500869751,0.00036623328924179077,-13.827507972717285,-0.24133554146968286,-95.00729370117188,-1.658190088494719,87.73626708984375,1.531286734126917,79.4261703491211,1.3862481848420571,93.23744201660156,1.6273003493269989,0.03662332892417908,0.00036623328924179077,False,False,0.0,0.0,0.0,0.0,0.0,0.0,0.0,0.0,6.415489196777344,6.415489196777344,0.0,0.0,0.0,0.0,0.0,0.0
5,49,1.935230120900087,1.9455151879228652,False,-11.560439109802246,-0.2017677277326584,-98.15384674072266,-1.7131078243255615,91.73626708984375,1.6010998487472534,79.34066009521484,1.3847557306289673,92.48351287841797,1.614141821861267,0.6868131868131868,0.006868131868131868,-0.22765985131263733,-1.6520191431045532,1.4249651432037354,1.3885462284088135,1.625429630279541,0.001384831964969635,-13.04394817352295,-0.2276598430874761,-94.65371704101562,-1.6520190116167872,87.73626708984375,1.531286734126917,79.55783081054688,1.388546093388632,93.1302490234375,1.625429478661218,0.1384831964969635,0.001384831964969635,False,False,0.0,0.0,0.0,0.0,0.0,0.0,0.0,0.0,6.0917816162109375,6.0917816162109375,0.0,0.0,0.0,0.0,0.0,0.0
5,50,1.9686841579386964,1.9792657899670303,False,-11.560439109802246,-0.2017677277326584,-98.15384674072266,-1.7131078243255615,91.73626708984375,1.6010998487472534,79.34066009521484,1.3847557306289673,92.48351287841797,1.614141821861267,0.6868131868131868,0.006868131868131868,-0.22221685945987701,-1.6128822565078735,1.3734999895095825,1.3939684629440308,1.6269704103469849,0.0006785169243812561,-12.732087135314941,-0.22221684116205853,-94.15384674072266,-1.6432946290437422,87.73626708984375,1.531286734126917,79.8685073852539,1.3939684225260878,93.21853637695312,1.626970383667938,0.06785169243812561,0.0006785169243812561,False,False,0.0,0.0,0.0,0.0,0.0,1.7425079345703125,1.7425079345703125,0.0,9.040519714355469,9.040519714355469,0.0,0.0,0.0,0.0,0.0,0.0
5,51,2.00247085490264,2.0130467909621075,False,-12.351648330688477,-0.2155769318342209,-97.45054626464844,-1.7008328437805176,91.38461303710938,1.5949623584747314,79.34066009521484,1.3847557306289673,92.48351287841797,1.614141821861267,0.6868131868131868,0.006868131868131868,-0.2249380350112915,-1.5897645950317383,1.325125813484192,1.3908555507659912,1.6288219690322876,0.0009936615824699402,-12.887999534606934,-0.22493802587438785,-93.45054626464844,-1.6310197201054035,87.38461303710938,1.5251492130787205,79.69014739990234,1.3908554535278943,93.32461547851562,1.628821813257761,0.09936615824699402,0.0009936615824699402,False,False,0.0,0.0,0.0,0.0,0.0,2.3637466430664062,2.3637466430664062,0.0,11.460502624511719,11.460502624511719,0.0,0.0,0.0,0.0,0.0,0.0
5,52,2.03588012594264,2.0476171949412674,False,-13.142857551574707,-0.2293861359357834,-96.13186645507812,-1.6778175830841064,90.85713958740234,1.5857561826705933,79.6043930053711,1.3893587589263916,93.010986328125,1.6233479976654053,0.6868131868131868,0.006868131868131868,-0.21870321035385132,-1.576047658920288,1.310144305229187,1.3925106525421143,1.622982144355774,0.0013595297932624817,-12.530770301818848,-0.2187031995778625,-92.13186645507812,-1.6080044156488296,86.85713958740234,1.51594306466448,79.78498077392578,1.3925106081453784,92.99002075195312,1.6229820336194354,0.13595297932624817,0.0013595297932624817,False,False,0.0,0.0,0.0,0.0,0.0,1.83099365234375,1.83099365234375,0.0,11.791404724121094,11.791404724121094,0.0,0.0,0.0,0.0,0.0,0.0
5,53,2.0694128439063206,2.0806366349570453,False,-12.615385055541992,-0.22018000483512878,-94.989013671875,-1.6578710079193115,90.68132019042969,1.5826876163482666,79.86813354492188,1.3939619064331055,92.83516693115234,1.620279312133789,0.6868131868131868,0.006868131868131868,-0.23358172178268433,-1.5512174367904663,1.2888426780700684,1.3914905786514282,1.6250776052474976,0.0005770847201347351,-13.383246421813965,-0.23358171466640354,-90.989013671875,-1.5880578717163543,86.68132019042969,1.5128744372984362,79.72653198242188,1.3914904842898237,93.1100845336914,1.6250775419231642,0.05770847201347351,0.0005770847201347351,False,False,0.0,0.0,0.0,0.0,0.0,2.110809326171875,2.110809326171875,0.0,12.836074829101562,12.836074829101562,0.0,0.0,0.0,0.0,0.0,0.0
5,54,2.102544766967185,2.114179724943824,False,-12.175824165344238,-0.2125082165002823,-94.54945373535156,-1.650199294090271,90.5934066772461,1.5811532735824585,79.95604705810547,1.3954962491989136,92.48351287841797,1.614141821861267,0.6868131868131868,0.006868131868131868,-0.22115887701511383,-1.5751917362213135,1.3343298435211182,1.3923780918121338,1.6267668008804321,0.0008634030818939209,-12.671469688415527,-0.2211588671295109,-90.54945373535156,-1.5803861035641629,86.5934066772461,1.511340057036387,79.77738189697266,1.3923779827230924,93.20686340332031,1.626766651844547,0.08634030818939209,0.0008634030818939209,False,False,0.0,0.0,0.0,0.0,0.0,0.2976226806640625,0.2976226806640625,0.0,10.141944885253906,10.141944885253906,0.0,0.0,0.0,0.0,0.0,0.0
5,55,2.1360328989103436,2.1486318520037457,False,-12.703296661376953,-0.2217143476009369,-93.75823974609375,-1.636389970779419,90.5934066772461,1.5811532735824585,79.95604705810547,1.3954962491989136,92.57142639160156,1.6156761646270752,0.6868131868131868,0.006868131868131868,-0.2201482653617859,-1.5466052293777466,1.3367934226989746,1.3929566144943237,1.6254935264587402,0.0012405738234519958,-12.613565444946289,-0.22014824743009628,-89.75823974609375,-1.566576814363775,86.5934066772461,1.511340057036387,79.81053161621094,1.3929565544699123,93.1339111328125,1.62549339452738,0.12405738234519958,0.0012405738234519958,False,False,0.0,0.0,0.0,0.0,0.0,1.1442947387695312,1.1442947387695312,0.0,10.00079345703125,10.00079345703125,0.0,0.0,0.0,0.0,0.0,0.0
5,56,2.1697095069102943,2.180642156978138,False,-13.230769157409668,-0.2309204787015915,-92.43955993652344,-1.6133747100830078,90.5934066772461,1.5811532735824585,79.95604705810547,1.3954962491989136,92.57142639160156,1.6156761646270752,0.6868131868131868,0.006868131868131868,-0.24059471487998962,-1.4699829816818237,1.2495887279510498,1.394561529159546,1.6271157264709473,-0.00010407716035842896,-13.78506088256836,-0.24059469998869326,-88.43955993652344,-1.5435615099072013,86.5934066772461,1.511340057036387,79.9024887084961,1.3945615085008485,93.22686004638672,1.6271156591054017,0.0,0.0,True,False,0.010407716035842896,0.0,0.0,0.0,0.0,4.2157440185546875,4.2157440185546875,0.0,14.99725341796875,14.99725341796875,0.0,0.0,0.0,0.0,0.0,0.0
5,57,2.203177766990848,2.2140420000068843,False,-12.879120826721191,-0.2247830629348755,-91.29669952392578,-1.5934280157089233,90.5934066772461,1.5811532735824585,80.04395294189453,1.3970304727554321,92.92308044433594,1.6218136548995972,0.6868131868131868,0.006868131868131868,-0.24694862961769104,-1.401064395904541,1.1867324113845825,1.3935476541519165,1.6264512538909912,0.0010753870010375977,-14.149113655090332,-0.24694861952021563,-87.29669952392578,-1.5236148328166712,86.5934066772461,1.511340057036387,79.84439849853516,1.3935476430738554,93.18878936767578,1.626451200413427,0.10753870010375977,0.0010753870010375977,False,False,0.0,0.0,0.0,0.0,0.0,7.021629333496094,7.021629333496094,0.0,18.598648071289062,18.598648071289062,0.0,0.0,0.0,0.0,0.0,0.0
5,58,2.2366848799865693,2.2473645670106634,False,-12.527472496032715,-0.21864564716815948,-90.68132019042969,-1.5826876163482666,90.5934066772461,1.5811532735824585,80.04395294189453,1.3970304727554321,92.48351287841797,1.614141821861267,0.6868131868131868,0.006868131868131868,-0.24757182598114014,-1.3233733177185059,1.1381595134735107,1.3951067924499512,1.6309884786605835,0.0011986643075942993,-14.184820175170898,-0.24757181586005098,-86.68132019042969,-1.5128744372984362,86.5934066772461,1.511340057036387,79.93372344970703,1.3951066575759876,93.4487533569336,1.630988427962595,0.11986643075942993,0.0011986643075942993,False,False,0.0,0.0,0.0,0.0,0.0,10.857620239257812,10.857620239257812,0.0,21.381675720214844,21.381675720214844,0.0,0.0,0.0,0.0,0.0,0.0
5,59,2.2699284529080614,2.2802235689014196,False,-13.670330047607422,-0.238592267036438,-89.97801971435547,-1.5704126358032227,90.5934066772461,1.5811532735824585,80.04395294189453,1.3970304727554321,92.48351287841797,1.614141821861267,0.6868131868131868,0.006868131868131868,-0.24969413876533508,-1.2671571969985962,1.0813865661621094,1.4008463621139526,1.6271064281463623,0.0014360323548316956,-14.306419372558594,-0.24969412222224877,-85.97801971435547,-1.5005995283600975,86.5934066772461,1.511340057036387,80.26258087158203,1.4008463023573265,93.22632598876953,1.6271063380415864,0.14360323548316956,0.0014360323548316956,False,False,0.0,0.0,0.0,0.0,0.0,13.375267028808594,13.375267028808594,0.0,24.634525299072266,24.634525299072266,0.0,0.0,0.0,0.0,0.0,0.0
5,60,2.3036599229089916,2.4660597649635747,False,-14.10988998413086,-0.2462640404701233,-88.83516693115234,-1.5504661798477173,90.5934066772461,1.5811532735824585,80.04395294189453,1.3970304727554321,93.010986328125,1.6233479976654053,0.6868131868131868,0.006868131868131868,-0.2449195683002472,-1.6979578733444214,1.6077356338500977,1.3906137943267822,1.6306194067001343,0.001342765986919403,-14.032856941223145,-0.24491955708568428,-92.83516693115234,-1.6202793245871683,92.11646270751953,1.607735569536786,79.67630004882812,1.3906137716589695,93.42760467529297,1.63061931383551,0.1342765986919403,0.001342765986919403,False,False,0.0,0.0,0.0,0.0,0.0,4.450645446777344,4.450645446777344,0.0,0.0,0.0,0.0,0.0,0.0,0.0,0.0,0.0
5,61,2.467508534900844,2.4811321679735556,False,-14.021978378295898,-0.244729682803154,-87.16483306884766,-1.5213133096694946,90.5054931640625,1.5796188116073608,79.51648712158203,1.387824535369873,93.010986328125,1.6233479976654053,0.6868131868131868,0.006868131868131868,-0.24575163424015045,-1.6990405321121216,1.6095365285873413,1.390212059020996,1.6259567737579346,0.0007936581969261169,-14.080531120300293,-0.2457516284787659,-91.16483306884766,-1.591126499082398,92.21964263916016,1.6095363990658977,79.65328216552734,1.390212033808531,93.16045379638672,1.6259566513989994,0.0793658196926117,0.0007936581969261169,False,False,0.0,0.0,0.0,0.0,0.0,6.183013916015625,6.183013916015625,0.0,0.0,0.0,0.0,0.0,0.0,0.0,0.0,0.0
5,62,2.5008593949023634,2.5119459279812872,False,-13.934065818786621,-0.2431953251361847,-87.07691955566406,-1.5197789669036865,90.5054931640625,1.5796188116073608,79.51648712158203,1.387824535369873,93.010986328125,1.6233479976654053,0.6868131868131868,0.006868131868131868,-0.23499031364917755,-1.7003846168518066,1.6110751628875732,1.3893216848373413,1.6325637102127075,0.0004169344902038574,-13.46395206451416,-0.2349902938564601,-91.07691955566406,-1.5895921188203488,92.30780029296875,1.611075040385691,79.60226440429688,1.389321605898063,93.53900146484375,1.6325635545893225,0.04169344902038574,0.0004169344902038574,False,False,0.0,0.0,0.0,0.0,0.0,6.347938537597656,6.347938537597656,0.0,0.0,0.0,0.0,0.0,0.0,0.0,0.0,0.0
5,63,2.534381035948172,2.5446669158991426,False,-14.10988998413086,-0.2462640404701233,-87.51648712158203,-1.5274507999420166,90.5934066772461,1.5811532735824585,79.51648712158203,1.387824535369873,93.010986328125,1.6233479976654053,0.6868131868131868,0.006868131868131868,-0.24484127759933472,-1.7111722230911255,1.6174589395523071,1.3912465572357178,1.6317033767700195,0.000843435525894165,-14.02837085723877,-0.24484126014963592,-91.51648712158203,-1.5972640201305945,92.67356872558594,1.61745890383472,79.71255493164062,1.3912465387339723,93.48971557617188,1.6317033535572267,0.0843435525894165,0.000843435525894165,False,False,0.0,0.0,0.0,0.0,0.0,6.526451110839844,6.526451110839844,0.0,0.0,0.0,0.0,0.0,0.0,0.0,0.0,0.0
5,64,2.5678994889603928,2.578336167964153,False,-14.197802543640137,-0.2477983981370926,-88.92308044433594,-1.5520005226135254,91.47252655029297,1.5964967012405396,79.78022003173828,1.3924275636672974,93.010986328125,1.6233479976654053,0.6868131868131868,0.006868131868131868,-0.24076856672763824,-1.7170581817626953,1.6110708713531494,1.389382243156433,1.630173921585083,0.0022970736026763916,-13.795022010803223,-0.240768554473605,-92.92308044433594,-1.6218137048492176,92.30755615234375,1.6110707793279468,79.6057357788086,1.3893821928128625,93.4020767211914,1.6301737669851397,0.22970736026763916,0.0022970736026763916,False,False,0.0,0.0,0.0,0.0,0.0,5.457099914550781,5.457099914550781,0.0,0.0,0.0,0.0,0.0,0.0,0.0,0.0,0.0
5,65,2.6023171299602836,2.612428576918319,False,-14.197802543640137,-0.2477983981370926,-89.45054626464844,-1.561206579208374,92.0,1.6057028770446777,79.86813354492188,1.3939619064331055,92.83516693115234,1.620279312133789,0.6868131868131868,0.006868131868131868,-0.2373693585395813,-1.7066469192504883,1.603055715560913,1.386824369430542,1.629599690437317,0.001629173755645752,-13.600261688232422,-0.2373693455924983,-93.45054626464844,-1.6310197201054035,91.84832000732422,1.6030555965531899,79.45918273925781,1.3868243597438958,93.36917877197266,1.6295995894541186,0.1629173755645752,0.001629173755645752,False,False,0.0,0.0,0.0,0.0,0.0,4.3331146240234375,4.3331146240234375,0.0,0.0,0.0,0.0,0.0,0.0,0.0,0.0,0.0
5,66,2.6352310879155993,2.646775159984827,False,-14.197802543640137,-0.2477983981370926,-90.4175796508789,-1.5780844688415527,92.0,1.6057028770446777,79.95604705810547,1.3954962491989136,92.92308044433594,1.6218136548995972,0.6868131868131868,0.006868131868131868,-0.24016240239143372,-1.7274943590164185,1.6113359928131104,1.3879789113998413,1.6240930557250977,0.0022265389561653137,-13.76029109954834,-0.24016238571998935,-94.4175796508789,-1.6478976366718352,92.32274627685547,1.6113358970144642,79.52532958984375,1.3879788400764452,93.05367279052734,1.6240929712681618,0.22265389561653137,0.0022265389561653137,False,False,0.0,0.0,0.0,0.0,0.0,4.560554504394531,4.560554504394531,0.0,0.0,0.0,0.0,0.0,0.0,0.0,0.0,0.0
5,67,2.669000207912177,2.6803833009907976,False,-14.10988998413086,-0.2462640404701233,-91.56044006347656,-1.5980311632156372,91.9120864868164,1.6041685342788696,79.95604705810547,1.3954962491989136,92.65933990478516,1.6172105073928833,0.6868131868131868,0.006868131868131868,-0.23478096723556519,-1.723569393157959,1.6174532175064087,1.3883976936340332,1.6308711767196655,0.0008942931890487671,-13.451957702636719,-0.23478095275002303,-95.56044006347656,-1.667844313762365,92.6732406616211,1.6174531780383763,79.54932403564453,1.38839762215786,93.44203186035156,1.630871115716577,0.08942931890487671,0.0008942931890487671,False,False,0.0,0.0,0.0,0.0,0.0,3.19281005859375,3.19281005859375,0.0,0.0,0.0,0.0,0.0,0.0,0.0,0.0,0.0
5,68,2.702486594906077,2.7144548799842596,False,-14.021978378295898,-0.244729682803154,-92.43955993652344,-1.6133747100830078,91.9120864868164,1.6041685342788696,79.95604705810547,1.3954962491989136,92.65933990478516,1.6172105073928833,0.6868131868131868,0.006868131868131868,-0.2403261959552765,-1.7231544256210327,1.6047402620315552,1.3903260231018066,1.6276116371154785,0.0021412521600723267,-13.769676208496094,-0.24032618677178602,-96.43955993652344,-1.6831878500667476,91.94483947753906,1.6047401791007196,79.65980529785156,1.390325883945132,93.2552719116211,1.6276115397003745,0.21412521600723267,0.0021412521600723267,False,False,0.0,0.0,0.0,0.0,0.0,2.2899093627929688,2.2899093627929688,0.0,0.0,0.0,0.0,0.0,0.0,0.0,0.0,0.0
5,69,2.7357843519421294,2.7482355079846457,False,-14.021978378295898,-0.244729682803154,-93.14286041259766,-1.6256495714187622,91.82417297363281,1.6026341915130615,79.95604705810547,1.3954962491989136,92.65933990478516,1.6172105073928833,0.6868131868131868,0.006868131868131868,-0.2432776242494583,-1.7069649696350098,1.6097791194915771,1.3910478353500366,1.633502721786499,0.0014687702059745789,-13.938780784606934,-0.24327761840510953,-97.14286041259766,-1.6954627590050864,92.2335433959961,1.609779013041204,79.70116424560547,1.391047733758598,93.59280395507812,1.6335025851896843,0.14687702059745789,0.0014687702059745789,False,False,0.0,0.0,0.0,0.0,0.0,0.6590194702148438,0.6590194702148438,0.0,0.0,0.0,0.0,0.0,0.0,0.0,0.0,0.0
5,70,2.7691221239510924,2.7821672749705613,False,-13.934065818786621,-0.2431953251361847,-94.19779968261719,-1.6440616846084595,91.73626708984375,1.6010998487472534,79.69230651855469,1.3908931016921997,92.65933990478516,1.6172105073928833,0.6868131868131868,0.006868131868131868,-0.24458950757980347,-1.716810941696167,1.6039400100708008,1.3942108154296875,1.637097716331482,0.0017685219645500183,-14.013945579528809,-0.24458949155808257,-98.19779968261719,-1.7138749226755128,91.89898681640625,1.6039398991931508,79.88239288330078,1.394210770185285,93.79878234863281,1.6370975863451822,0.17685219645500183,0.0017685219645500183,False,False,0.0,0.0,0.0,0.0,0.0,0.168212890625,0.168212890625,0.0,0.0,0.0,0.0,0.0,0.0,0.0,0.0,0.0
5,71,2.80285982391797,2.815781357930973,False,-13.934065818786621,-0.2431953251361847,-94.989013671875,-1.6578710079193115,91.73626708984375,1.6010998487472534,79.6043930053711,1.3893587589263916,92.65933990478516,1.6172105073928833,0.6868131868131868,0.006868131868131868,-0.24579107761383057,-1.712964415550232,1.621090054512024,1.391251564025879,1.6358294486999512,0.0028098300099372864,-14.08279037475586,-0.24579105990765587,-98.1456298828125,-1.7129643878988146,92.8816146850586,1.6210899908229885,79.71283721923828,1.391251465581989,93.72611999511719,1.6358293890340865,0.28098300099372864,0.0028098300099372864,False,False,0.0,0.0,0.0,0.0,0.0,0.0,0.0,0.0,0.0,0.0,0.0,0.0,0.0,0.0,0.0,0.0
5,72,2.8361143429065123,2.847970741917379,False,-14.021978378295898,-0.244729682803154,-95.69230651855469,-1.6701457500457764,91.64835357666016,1.5995655059814453,79.42857360839844,1.3862900733947754,92.65933990478516,1.6172105073928833,0.6868131868131868,0.006868131868131868,-0.24796578288078308,-1.709466576576233,1.620970368385315,1.390937328338623,1.6348577737808228,0.001978568732738495,-14.207391738891602,-0.24796576396430095,-97.9452133178711,-1.70946645896505,92.874755859375,1.6209702817319895,79.69483184814453,1.3909372125733597,93.67044830322266,1.6348577347103712,0.1978568732738495,0.001978568732738495,False,False,0.0,0.0,0.0,0.0,0.0,0.0,0.0,0.0,0.0,0.0,0.0,0.0,0.0,0.0,0.0,0.0
5,73,2.869539935956709,2.8816321379272267,False,-14.021978378295898,-0.244729682803154,-96.30769348144531,-1.6808863878250122,91.64835357666016,1.5995655059814453,79.42857360839844,1.3862900733947754,92.65933990478516,1.6172105073928833,0.6868131868131868,0.006868131868131868,-0.24533621966838837,-1.7096775770187378,1.6116009950637817,1.391953468322754,1.6332972049713135,0.0021157190203666687,-14.056729316711426,-0.24533620863822717,-97.95730590820312,-1.7096775144814387,92.33792877197266,1.6116008815429272,79.7530517578125,1.3919533416872794,93.5810317993164,1.6332971223115846,0.21157190203666687,0.0021157190203666687,False,False,0.0,0.0,0.0,0.0,0.0,0.0,0.0,0.0,0.0,0.0,0.0,0.0,0.0,0.0,0.0,0.0
5,74,2.902822448988445,2.915333780925721,False,-14.021978378295898,-0.244729682803154,-96.3956069946289,-1.6824207305908203,91.82417297363281,1.6026341915130615,79.42857360839844,1.3862900733947754,92.65933990478516,1.6172105073928833,0.6868131868131868,0.006868131868131868,-0.23831886053085327,-1.7226109504699707,1.610969066619873,1.3905749320983887,1.6393219232559204,0.0032872259616851807,-13.654664039611816,-0.23831884574489562,-98.69833374023438,-1.7226108899992996,92.30171966552734,1.6109689134162513,79.674072265625,1.3905748895070544,93.92622375488281,1.6393218584876164,0.32872259616851807,0.0032872259616851807,False,False,0.0,0.0,0.0,0.0,0.0,0.0,0.0,0.0,0.0,0.0,0.0,0.0,0.0,0.0,0.0,0.0
5,75,2.936420753947459,2.948953744955361,False,-14.021978378295898,-0.244729682803154,-96.48351287841797,-1.6839549541473389,91.82417297363281,1.6026341915130615,79.34066009521484,1.3847557306289673,92.65933990478516,1.6172105073928833,0.6868131868131868,0.006868131868131868,-0.24661144614219666,-1.705313801765442,1.614365816116333,1.3906011581420898,1.6353908777236938,0.0008442401885986328,-14.129794120788574,-0.24661143003669797,-97.707275390625,-1.705313658719235,92.49634552001953,1.6143657753866474,79.67557525634766,1.3906011216437917,93.70098876953125,1.6353907664025504,0.08442401885986328,0.0008442401885986328,False,False,0.0,0.0,0.0,0.0,0.0,0.0,0.0,0.0,0.0,0.0,0.0,0.0,0.0,0.0,0.0,0.0
5,76,2.9700842699967325,2.9808219809783623,False,-14.021978378295898,-0.244729682803154,-96.83516693115234,-1.6900924444198608,91.82417297363281,1.6026341915130615,79.34066009521484,1.3847557306289673,92.65933990478516,1.6172105073928833,0.6868131868131868,0.006868131868131868,-0.23761948943138123,-1.7107206583023071,1.6125987768173218,1.3916865587234497,1.6387139558792114,0.00244344025850296,-13.614593505859375,-0.237619482997884,-98.0170669555664,-1.7107205415223683,92.39509582519531,1.6125986348453254,79.73776245117188,1.3916864929460535,93.89138793945312,1.6387138588107513,0.24434402585029602,0.00244344025850296,False,False,0.0,0.0,0.0,0.0,0.0,0.0,0.0,0.0,0.0,0.0,0.0,0.0,0.0,0.0,0.0,0.0
5,77,3.0034914119169116,3.0141634189058095,False,-14.021978378295898,-0.244729682803154,-97.010986328125,-1.693161129951477,91.82417297363281,1.6026341915130615,79.34066009521484,1.3847557306289673,92.65933990478516,1.6172105073928833,0.6868131868131868,0.006868131868131868,-0.2393398880958557,-1.7208806276321411,1.6066912412643433,1.3920323848724365,1.6392827033996582,0.002891622483730316,-13.713164329528809,-0.23933986841731839,-98.59918975830078,-1.7208805010810206,92.05662536621094,1.6066912109153115,79.75757598876953,1.3920323044136003,93.9239730834961,1.6392825768615378,0.2891622483730316,0.002891622483730316,False,False,0.0,0.0,0.0,0.0,0.0,0.0,0.0,0.0,0.0,0.0,0.0,0.0,0.0,0.0,0.0,0.0
5,78,3.036918464000337,3.0475358580006287,False,-14.021978378295898,-0.244729682803154,-97.010986328125,-1.693161129951477,91.82417297363281,1.6026341915130615,79.34066009521484,1.3847557306289673,92.92308044433594,1.6218136548995972,0.6868131868131868,0.006868131868131868,-0.24313169717788696,-1.7226139307022095,1.6193044185638428,1.3907952308654785,1.6399214267730713,0.0010763928294181824,-13.930418968200684,-0.2431316771773732,-98.69850158691406,-1.7226138194764986,92.77930450439453,1.6193043413120904,79.68669128417969,1.3907951329292039,93.9605712890625,1.6399213360489933,0.10763928294181824,0.0010763928294181824,False,False,0.0,0.0,0.0,0.0,0.0,0.0,0.0,0.0,0.0,0.0,0.0,0.0,0.0,0.0,0.0,0.0
5,79,3.0702602869132534,3.082493469933979,False,-14.021978378295898,-0.244729682803154,-97.18681335449219,-1.6962298154830933,91.82417297363281,1.6026341915130615,79.34066009521484,1.3847557306289673,93.0988998413086,1.6248823404312134,0.6868131868131868,0.006868131868131868,-0.2404230535030365,-1.723715901374817,1.6208033561706543,1.390104055404663,1.6362926959991455,0.001719251275062561,-13.775225639343262,-0.24042304261168085,-98.76164245605469,-1.7237158355355735,92.86518859863281,1.6208033015316414,79.6470947265625,1.3901040426263285,93.7526626586914,1.636292645905706,0.1719251275062561,0.001719251275062561,False,False,0.0,0.0,0.0,0.0,0.0,0.0,0.0,0.0,0.0,0.0,0.0,0.0,0.0,0.0,0.0,0.0
5,80,3.1038764079567045,3.1173763079568744,False,-14.021978378295898,-0.244729682803154,-97.27472686767578,-1.697764277458191,91.82417297363281,1.6026341915130615,79.34066009521484,1.3847557306289673,93.0988998413086,1.6248823404312134,0.6868131868131868,0.006868131868131868,-0.244527205824852,-1.6937271356582642,1.6011927127838135,1.3897016048431396,1.6413787603378296,0.0028743520379066467,-14.0103759765625,-0.24452719023333153,-97.04341125488281,-1.6937270437646272,91.7415771484375,1.601192582212625,79.62403106689453,1.3897015058275628,94.0440673828125,1.6413786177974847,0.2874352037906647,0.0028743520379066467,False,False,0.0,0.0,0.0,0.0,0.0,0.0,0.0,0.0,0.0,0.0,0.0,0.0,0.0,0.0,0.0,0.0
5,81,3.1391058459412307,3.150079383980483,False,-14.021978378295898,-0.244729682803154,-97.36264038085938,-1.699298620223999,92.0,1.6057028770446777,79.34066009521484,1.3847557306289673,93.0988998413086,1.6248823404312134,0.6868131868131868,0.006868131868131868,-0.24468600749969482,-1.710342526435852,1.6046867370605469,1.3934986591339111,1.6389000415802002,0.0020429417490959167,-14.019474983215332,-0.24468599785808431,-97.99539947509766,-1.710342372647577,91.9417724609375,1.604686649562809,79.84159088134766,1.3934986409097978,93.90205383300781,1.638900013770948,0.20429417490959167,0.0020429417490959167,False,False,0.0,0.0,0.0,0.0,0.0,0.0,0.0,0.0,0.0,0.0,0.0,0.0,0.0,0.0,0.0,0.0
5,82,3.1707771900109947,3.1829135469160974,False,-14.021978378295898,-0.244729682803154,-97.36264038085938,-1.699298620223999,92.0,1.6057028770446777,79.34066009521484,1.3847557306289673,93.0988998413086,1.6248823404312134,0.6868131868131868,0.006868131868131868,-0.25398898124694824,-1.6839772462844849,1.5778834819793701,1.3943994045257568,1.641268253326416,0.0022641420364379883,-14.552495956420898,-0.25398896882270594,-96.48478698730469,-1.6839772110138471,90.40605926513672,1.577883397929761,79.89319610595703,1.3943993219904627,94.0377426147461,1.641268229770301,0.22641420364379883,0.0022641420364379883,False,False,0.0,0.0,0.0,0.0,0.0,0.0,0.0,0.0,0.0,0.0,0.0,0.0,0.0,0.0,0.0,0.0
5,83,3.2044618040090427,3.216992710949853,False,-14.021978378295898,-0.244729682803154,-97.0988998413086,-1.6946954727172852,92.0,1.6057028770446777,79.34066009521484,1.3847557306289673,93.0988998413086,1.6248823404312134,0.6868131868131868,0.006868131868131868,-0.2463614046573639,-1.7106338739395142,1.5916407108306885,1.3923271894454956,1.6397838592529297,0.002621948719024658,-14.11546802520752,-0.24636139249985317,-98.01209259033203,-1.7106337224708317,91.19429016113281,1.5916406223308377,79.77446746826172,1.392327116346272,93.95269012451172,1.6397837837786906,0.2621948719024658,0.002621948719024658,False,False,0.0,0.0,0.0,0.0,0.0,0.0,0.0,0.0,0.0,0.0,0.0,0.0,0.0,0.0,0.0,0.0
5,84,3.237938376958482,3.249624310992658,False,-14.021978378295898,-0.244729682803154,-97.0988998413086,-1.6946954727172852,92.0,1.6057028770446777,79.34066009521484,1.3847557306289673,93.0988998413086,1.6248823404312134,0.6868131868131868,0.006868131868131868,-0.24492080509662628,-1.72207510471344,1.6015933752059937,1.3950577974319458,1.6372153759002686,0.0028266608715057373,-14.032927513122559,-0.24492078879768842,-98.66763305664062,-1.7220750619879757,91.76453399658203,1.6015932547986274,79.93091583251953,1.3950576554119303,93.80552673339844,1.6372152980653638,0.28266608715057373,0.0028266608715057373,False,False,0.0,0.0,0.0,0.0,0.0,0.0,0.0,0.0,0.0,0.0,0.0,0.0,0.0,0.0,0.0,0.0
5,85,3.271474018925801,3.281951045966707,False,-14.10988998413086,-0.2462640404701233,-97.010986328125,-1.693161129951477,92.0,1.6057028770446777,79.34066009521484,1.3847557306289673,93.18681335449219,1.6264166831970215,0.6868131868131868,0.006868131868131868,-0.2534646987915039,-1.7094810009002686,1.5714704990386963,1.3974804878234863,1.6384526491165161,0.0024957656860351562,-14.522457122802734,-0.2534646922726102,-97.946044921875,-1.709480973192991,90.03861999511719,1.5714703728667956,80.06973266601562,1.3974804662136298,93.87641906738281,1.6384526027078146,0.24957656860351562,0.0024957656860351562,False,False,0.0,0.0,0.0,0.0,0.0,0.0,0.0,0.0,0.0,0.0,0.0,0.0,0.0,0.0,0.0,0.0
5,86,3.3048455939861014,3.316435417975299,False,-14.10988998413086,-0.2462640404701233,-97.27472686767578,-1.697764277458191,92.0,1.6057028770446777,79.34066009521484,1.3847557306289673,93.27472686767578,1.6279510259628296,0.6868131868131868,0.006868131868131868,-0.24995523691177368,-1.7146248817443848,1.5820704698562622,1.3982759714126587,1.6415903568267822,0.0020004361867904663,-14.321379661560059,-0.24995522852237423,-98.24076080322266,-1.7146247356804245,90.64595794677734,1.5820704197955835,80.11531066894531,1.3982759524312365,94.05619049072266,1.6415902059460914,0.20004361867904663,0.0020004361867904663,False,False,0.0,0.0,0.0,0.0,0.0,0.0,0.0,0.0,0.0,0.0,0.0,0.0,0.0,0.0,0.0,0.0
5,87,3.338796525960788,3.350183756905608,False,-14.197802543640137,-0.2477983981370926,-97.45054626464844,-1.7008328437805176,92.0,1.6057028770446777,79.34066009521484,1.3847557306289673,93.27472686767578,1.6279510259628296,0.6868131868131868,0.006868131868131868,-0.2547193169593811,-1.6823570728302002,1.5304834842681885,1.4013049602508545,1.638068675994873,0.0021869242191314697,-14.594341278076172,-0.25471930746214655,-96.39195251464844,-1.6823569438066428,88.0,1.53588974175501,80.28885650634766,1.4013048986970382,93.85441589355469,1.6380685748786252,0.21869242191314697,0.0021869242191314697,False,False,0.0,0.0,0.0,0.0,0.0,0.0,0.0,0.0,0.30976104736328125,0.30976104736328125,0.0,0.0,0.0,0.0,0.0,0.0
5,88,3.372294700006023,3.383385323919356,False,-14.197802543640137,-0.2477983981370926,-97.45054626464844,-1.7008328437805176,91.56044006347656,1.5980311632156372,79.34066009521484,1.3847557306289673,93.27472686767578,1.6279510259628296,0.6868131868131868,0.006868131868131868,-0.25580644607543945,-1.6618680953979492,1.5115783214569092,1.4010614156723022,1.6375377178192139,0.0019567161798477173,-14.656628608703613,-0.2558064264638737,-95.21802520751953,-1.6618680471181728,87.56044006347656,1.5282179736028187,80.27490234375,1.4010613526153504,93.8239974975586,1.6375376737153178,0.19567161798477173,0.0019567161798477173,False,False,0.0,0.0,0.0,0.0,0.0,0.0,0.0,0.0,0.9533843994140625,0.9533843994140625,0.0,0.0,0.0,0.0,0.0,0.0
5,89,3.4056067309575155,3.416107064927928,False,-14.197802543640137,-0.2477983981370926,-97.45054626464844,-1.7008328437805176,91.47252655029297,1.5964967012405396,79.34066009521484,1.3847557306289673,93.36264038085938,1.6294854879379272,0.6868131868131868,0.006868131868131868,-0.2533086836338043,-1.6679613590240479,1.4994953870773315,1.4044228792190552,1.644290566444397,0.0025605112314224243,-14.513517379760742,-0.2533086643222452,-95.567138671875,-1.6679612265342196,87.47252655029297,1.5266835933407696,80.46749877929688,1.4044227945432484,94.21090698242188,1.6442905181333773,0.25605112314224243,0.0025605112314224243,False,False,0.0,0.0,0.0,0.0,0.0,0.0,0.0,0.0,1.5577774047851562,1.5577774047851562,0.0,0.0,0.0,0.0,0.0,0.0
5,90,3.4389548789476976,3.603024582960643,False,-14.285714149475098,-0.2493327409029007,-96.65933990478516,-1.6870237588882446,90.94505310058594,1.587290644645691,79.51648712158203,1.387824535369873,93.36264038085938,1.6294854879379272,0.6868131868131868,0.006868131868131868,-0.24544388055801392,-1.7297512292861938,1.6038528680801392,1.385282278060913,1.633374810218811,0.0012840703129768372,-14.062897682189941,-0.2454438669252936,-99.10743713378906,-1.729751091197911,91.89399719238281,1.603852813825505,79.3708267211914,1.3852822563146854,93.58547973632812,1.6333747534573606,0.12840703129768372,0.0012840703129768372,False,False,0.0,0.0,0.0,0.0,0.0,0.0,0.0,0.0,0.0,0.0,0.0,0.0,0.0,0.0,0.0,0.0
5,91,3.6046161049744114,3.6168364830082282,False,-14.285714149475098,-0.2493327409029007,-96.04395294189453,-1.6762832403182983,90.76923370361328,1.5842219591140747,79.78022003173828,1.3924275636672974,93.53845977783203,1.632554054260254,0.6868131868131868,0.006868131868131868,-0.24730971455574036,-1.7394274473190308,1.5987409353256226,1.383198857307434,1.6329786777496338,0.0011000335216522217,-14.169801712036133,-0.24730969422975993,-99.6618423461914,-1.7394272875445504,91.60110473632812,1.5987408761130981,79.25144958496094,1.3831987322358619,93.56278228759766,1.6329786082452111,0.11000335216522217,0.0011000335216522217,False,False,0.0,0.0,0.0,0.0,0.0,0.0,0.0,0.0,0.0,0.0,0.0,0.0,0.0,0.0,0.0,0.0
5,92,3.6381352259777486,3.6505590529413894,False,-14.285714149475098,-0.2493327409029007,-96.04395294189453,-1.6762832403182983,90.76923370361328,1.5842219591140747,79.78022003173828,1.3924275636672974,93.53845977783203,1.632554054260254,0.6868131868131868,0.006868131868131868,-0.24075870215892792,-1.753890037536621,1.601185917854309,1.3857685327529907,1.6336193084716797,0.0011534392833709717,-13.794456481933594,-0.2407586841328149,-100.00004577636719,-1.7453300509426566,91.7411880493164,1.6011857911518452,79.398681640625,1.3857684163716795,93.5994873046875,1.6336192316454299,0.11534392833709717,0.0011534392833709717,False,False,0.0,0.0,0.0,0.0,0.490447998046875,0.0,0.490447998046875,0.0,0.0,0.0,0.0,0.0,0.0,0.0,0.0,0.0
5,93,3.6715966089395806,3.6829467409988865,False,-14.285714149475098,-0.2493327409029007,-96.3956069946289,-1.6824207305908203,90.76923370361328,1.5842219591140747,79.78022003173828,1.3924275636672974,93.53845977783203,1.632554054260254,0.6868131868131868,0.006868131868131868,-0.24402642250061035,-1.7490577697753906,1.6150692701339722,1.3819316625595093,1.6310920715332031,0.001292012631893158,-13.981683731079102,-0.24402641607985576,-100.00004577636719,-1.7453300509426566,92.5366439819336,1.6150691162305373,79.17884826660156,1.3819316001892021,93.4546890258789,1.631092024928999,0.1292012631893158,0.001292012631893158,False,False,0.0,0.0,0.0,0.0,0.2135772705078125,0.0,0.2135772705078125,0.0,0.0,0.0,0.0,0.0,0.0,0.0,0.0,0.0
5,94,3.705052072997205,3.7165000189561397,False,-14.373626708984375,-0.25086709856987,-97.53845977783203,-1.7023673057556152,91.38461303710938,1.5949623584747314,79.25274658203125,1.3832213878631592,93.53845977783203,1.632554054260254,0.6868131868131868,0.006868131868131868,-0.24503473937511444,-1.7527594566345215,1.6018930673599243,1.3828799724578857,1.6246647834777832,0.0004923269152641296,-14.03945541381836,-0.24503472215807337,-100.00004577636719,-1.7453300509426566,91.78170776367188,1.6018929935793158,79.23318481445312,1.3828799518533794,93.08643341064453,1.624664751954202,0.049232691526412964,0.0004923269152641296,False,False,0.0,0.0,0.0,0.0,0.42566680908203125,0.0,0.42566680908203125,0.0,0.0,0.0,0.0,0.0,0.0,0.0,0.0,0.0
5,95,3.738671352970414,3.749429131974466,False,-14.549450874328613,-0.2539358139038086,-97.97801971435547,-1.7100390195846558,91.47252655029297,1.5964967012405396,79.25274658203125,1.3832213878631592,93.53845977783203,1.632554054260254,0.6868131868131868,0.006868131868131868,-0.24508604407310486,-1.7454415559768677,1.6058990955352783,1.3823846578598022,1.6291240453720093,0.0009508728981018066,-14.04239559173584,-0.24508603794332784,-100.00004577636719,-1.7453300509426566,92.01123809814453,1.6058990536490676,79.20480346679688,1.3823846038906247,93.34192657470703,1.6291239488834306,0.09508728981018066,0.0009508728981018066,False,False,0.0,0.0,0.0,0.0,0.00638580322265625,0.0,0.00638580322265625,0.0,0.0,0.0,0.0,0.0,0.0,0.0,0.0,0.0
5,96,3.7719382089562714,3.7824416760122404,False,-14.549450874328613,-0.2539358139038086,-98.06593322753906,-1.7115733623504639,91.47252655029297,1.5964967012405396,79.25274658203125,1.3832213878631592,93.53845977783203,1.632554054260254,0.6868131868131868,0.006868131868131868,-0.24321597814559937,-1.7531148195266724,1.606693148612976,1.3808366060256958,1.6314728260040283,0.001289866864681244,-13.935248374938965,-0.2432159662258742,-100.00004577636719,-1.7453300509426566,92.05673217773438,1.6066930751280746,79.11610412597656,1.3808365083489615,93.47650146484375,1.6314727238068258,0.1289866864681244,0.001289866864681244,False,False,0.0,0.0,0.0,0.0,0.4460296630859375,0.0,0.4460296630859375,0.0,0.0,0.0,0.0,0.0,0.0,0.0,0.0,0.0
5,97,3.8055646819993854,3.8162885509664193,False,-14.549450874328613,-0.2539358139038086,-98.15384674072266,-1.7131078243255615,91.47252655029297,1.5964967012405396,79.25274658203125,1.3832213878631592,93.53845977783203,1.632554054260254,0.6868131868131868,0.006868131868131868,-0.24064183235168457,-1.7498705387115479,1.6079320907592773,1.382380723953247,1.6349557638168335,0.000807248055934906,-13.787760734558105,-0.24064182129523085,-100.00004577636719,-1.7453300509426566,92.12771606445312,1.6079319776671794,79.20457458496094,1.3823806091489896,93.67606353759766,1.6349557390384861,0.0807248055934906,0.000807248055934906,False,False,0.0,0.0,0.0,0.0,0.2601470947265625,0.0,0.2601470947265625,0.0,0.0,0.0,0.0,0.0,0.0,0.0,0.0,0.0
5,98,3.838911158964038,3.8508327360032126,False,-14.549450874328613,-0.2539358139038086,-98.15384674072266,-1.7131078243255615,91.47252655029297,1.5964967012405396,79.25274658203125,1.3832213878631592,93.53845977783203,1.632554054260254,0.6868131868131868,0.006868131868131868,-0.23971909284591675,-1.7556788921356201,1.6085244417190552,1.3820322751998901,1.6283624172210693,0.0016924142837524414,-13.734891891479492,-0.23971908591178884,-100.00004577636719,-1.7453300509426566,92.16165924072266,1.6085243978516677,79.18460845947266,1.3820321345203528,93.29828643798828,1.628362284811668,0.16924142837524414,0.0016924142837524414,False,False,0.0,0.0,0.0,0.0,0.5929412841796875,0.0,0.5929412841796875,0.0,0.0,0.0,0.0,0.0,0.0,0.0,0.0,0.0
5,99,3.872318564914167,3.883735868963413,False,-14.461538314819336,-0.2524014711380005,-98.15384674072266,-1.7131078243255615,91.47252655029297,1.5964967012405396,79.25274658203125,1.3832213878631592,93.53845977783203,1.632554054260254,0.6868131868131868,0.006868131868131868,-0.24255812168121338,-1.7578266859054565,1.6113731861114502,1.3826230764389038,1.6320618391036987,0.0006809458136558533,-13.89755630493164,-0.24255811550235418,-100.00004577636719,-1.7453300509426566,92.32487487792969,1.6113730481116708,79.21846008300781,1.3826229568081867,93.51025390625,1.6320618150399515,0.06809458136558533,0.0006809458136558533,False,False,0.0,0.0,0.0,0.0,0.7159957885742188,0.0,0.7159957885742188,0.0,0.0,0.0,0.0,0.0,0.0,0.0,0.0,0.0
5,100,3.9057483619544655,3.9170629129512236,False,-14.285714149475098,-0.2493327409029007,-98.15384674072266,-1.7131078243255615,91.47252655029297,1.5964967012405396,79.25274658203125,1.3832213878631592,93.53845977783203,1.632554054260254,0.6868131868131868,0.006868131868131868,-0.23947028815746307,-1.7507153749465942,1.5987474918365479,1.3839045763015747,1.6293610334396362,0.00023562461137771606,-13.720636367797852,-0.23947028008694818,-100.00004577636719,-1.7453300509426566,91.60147857666016,1.5987474008577687,79.29188537597656,1.383904469924733,93.35550689697266,1.6293609702204477,0.023562461137771606,0.00023562461137771606,False,False,0.0,0.0,0.0,0.0,0.3085479736328125,0.0,0.3085479736328125,0.0,0.0,0.0,0.0,0.0,0.0,0.0,0.0,0.0
5,101,3.9392482379917055,3.950194859993644,False,-14.285714149475098,-0.2493327409029007,-98.15384674072266,-1.7131078243255615,91.47252655029297,1.5964967012405396,79.25274658203125,1.3832213878631592,93.53845977783203,1.632554054260254,0.6868131868131868,0.006868131868131868,-0.24137471616268158,-1.741745114326477,1.6016252040863037,1.3826552629470825,1.63102388381958,-5.161017179489136e-05,-13.829751968383789,-0.24137470658246385,-99.79463958740234,-1.7417450366412464,91.766357421875,1.601625079573654,79.22030639648438,1.3826551810573768,93.4507827758789,1.6310238480050931,0.0,0.0,True,False,0.005161017179489136,0.0,0.0,0.0,0.0,0.0,0.0,0.0,0.0,0.0,0.0,0.0,0.0,0.0,0.0,0.0
5,102,3.9731626108987257,3.98462641693186,False,-14.197802543640137,-0.2477983981370926,-98.15384674072266,-1.7131078243255615,91.47252655029297,1.5964967012405396,79.25274658203125,1.3832213878631592,93.53845977783203,1.632554054260254,0.6868131868131868,0.006868131868131868,-0.24381236732006073,-1.741722583770752,1.6027414798736572,1.383669376373291,1.6308637857437134,0.0002738833427429199,-13.9694185256958,-0.24381234786248382,-99.79335021972656,-1.7417225329300352,91.83031463623047,1.6027413435445605,79.27841186523438,1.383669312800479,93.44160461425781,1.6308636588655248,0.027388334274291992,0.0002738833427429199,False,False,0.0,0.0,0.0,0.0,0.0,0.0,0.0,0.0,0.0,0.0,0.0,0.0,0.0,0.0,0.0,0.0
5,103,4.0061119759920985,4.0179938660003245,False,-14.10988998413086,-0.2462640404701233,-98.15384674072266,-1.7131078243255615,91.47252655029297,1.5964967012405396,79.25274658203125,1.3832213878631592,93.53845977783203,1.632554054260254,0.6868131868131868,0.006868131868131868,-0.24489474296569824,-1.7529913187026978,1.6083074808120728,1.3827167749404907,1.631974458694458,0.0008523166179656982,-14.031434059143066,-0.24489472310851929,-100.00004577636719,-1.7453300509426566,92.14922332763672,1.6083073502228262,79.22383117675781,1.3827167000785576,93.50524139404297,1.6319743301981424,0.08523166179656982,0.0008523166179656982,False,False,0.0,0.0,0.0,0.0,0.4389495849609375,0.0,0.4389495849609375,0.0,0.0,0.0,0.0,0.0,0.0,0.0,0.0,0.0
5,104,4.040016195969656,4.050710542011075,False,-14.10988998413086,-0.2462640404701233,-98.15384674072266,-1.7131078243255615,91.47252655029297,1.5964967012405396,79.25274658203125,1.3832213878631592,93.53845977783203,1.632554054260254,0.6868131868131868,0.006868131868131868,-0.24445736408233643,-1.7459375858306885,1.5976570844650269,1.3820030689239502,1.6319363117218018,0.0005111917853355408,-14.00637435913086,-0.2444573488337442,-100.00004577636719,-1.7453300509426566,91.53900146484375,1.5976569695494358,79.18293762207031,1.3820029729064163,93.50305938720703,1.6319362469945542,0.05111917853355408,0.0005111917853355408,False,False,0.0,0.0,0.0,0.0,0.0348052978515625,0.0,0.0348052978515625,0.0,0.0,0.0,0.0,0.0,0.0,0.0,0.0,0.0
5,105,4.073266063933261,4.085917047923431,False,-14.10988998413086,-0.2462640404701233,-98.15384674072266,-1.7131078243255615,91.47252655029297,1.5964967012405396,79.25274658203125,1.3832213878631592,93.53845977783203,1.632554054260254,0.6868131868131868,0.006868131868131868,-0.25507718324661255,-1.728857398033142,1.5785739421844482,1.382017970085144,1.6412639617919922,-0.0004491731524467468,-14.614845275878906,-0.25507716973362593,-99.05622863769531,-1.7288573343360805,90.44561767578125,1.578573822442364,79.18379211425781,1.3820178866085209,94.03749084472656,1.6412638355545022,0.0,0.0,True,False,0.04491731524467468,0.0,0.0,0.0,0.0,0.0,0.0,0.0,0.0,0.0,0.0,0.0,0.0,0.0,0.0,0.0
5,106,4.106626380933449,4.121769102988765,False,-14.10988998413086,-0.2462640404701233,-98.15384674072266,-1.7131078243255615,91.47252655029297,1.5964967012405396,79.25274658203125,1.3832213878631592,93.53845977783203,1.632554054260254,0.6868131868131868,0.006868131868131868,-0.25223639607429504,-1.729116439819336,1.579019546508789,1.3849328756332397,1.6362786293029785,0.0009233132004737854,-14.452079772949219,-0.2522363757988384,-99.0710678100586,-1.7291163267520906,90.47115325927734,1.5790195024507887,79.3508071899414,1.3849328495796671,93.7518539428711,1.6362785311519283,0.09233132004737854,0.0009233132004737854,False,False,0.0,0.0,0.0,0.0,0.0,0.0,0.0,0.0,0.0,0.0,0.0,0.0,0.0,0.0,0.0,0.0
5,107,4.13997955690138,4.151503021945246,False,-14.10988998413086,-0.2462640404701233,-98.15384674072266,-1.7131078243255615,91.47252655029297,1.5964967012405396,79.25274658203125,1.3832213878631592,93.53845977783203,1.632554054260254,0.6868131868131868,0.006868131868131868,-0.2480320930480957,-1.7454780340194702,1.5998679399490356,1.3835588693618774,1.6333699226379395,-0.00016517192125320435,-14.211191177368164,-0.24803207667544394,-100.00004577636719,-1.7453300509426566,91.6656723022461,1.599867792728365,79.27207946777344,1.3835587916152405,93.58519744873047,1.633369826609344,0.0,0.0,True,False,0.016517192125320435,0.0,0.0,0.0,0.00847625732421875,0.0,0.00847625732421875,0.0,0.0,0.0,0.0,0.0,0.0,0.0,0.0,0.0
5,108,4.173331825993955,4.18482420197688,False,-14.197802543640137,-0.2477983981370926,-98.15384674072266,-1.7131078243255615,91.47252655029297,1.5964967012405396,79.25274658203125,1.3832213878631592,93.53845977783203,1.632554054260254,0.6868131868131868,0.006868131868131868,-0.24435307085514069,-1.7380375862121582,1.601728081703186,1.3817358016967773,1.6356158256530762,0.001298278570175171,-14.000398635864258,-0.24435305278755398,-99.58221435546875,-1.7380375169296927,91.77225494384766,1.6017280107497853,79.1676254272461,1.381735724691027,93.71387481689453,1.6356156703566076,0.1298278570175171,0.001298278570175171,False,False,0.0,0.0,0.0,0.0,0.0,0.0,0.0,0.0,0.0,0.0,0.0,0.0,0.0,0.0,0.0,0.0
5,109,4.206862671999261,4.219286912935786,False,-14.197802543640137,-0.2477983981370926,-98.15384674072266,-1.7131078243255615,91.47252655029297,1.5964967012405396,79.25274658203125,1.3832213878631592,93.53845977783203,1.632554054260254,0.6868131868131868,0.006868131868131868,-0.24643994867801666,-1.742086410522461,1.6095457077026367,1.3815783262252808,1.6373234987258911,0.000880897045135498,-14.11996841430664,-0.24643993910725367,-99.81419372558594,-1.74208632073494,92.22016906738281,1.6095455869716586,79.15859985351562,1.3815781987125486,93.81172180175781,1.637323422405621,0.0880897045135498,0.000880897045135498,False,False,0.0,0.0,0.0,0.0,0.0,0.0,0.0,0.0,0.0,0.0,0.0,0.0,0.0,0.0,0.0,0.0
5,110,4.2409150179009885,4.253820716985501,False,-14.197802543640137,-0.2477983981370926,-98.15384674072266,-1.7131078243255615,91.47252655029297,1.5964967012405396,79.25274658203125,1.3832213878631592,93.53845977783203,1.632554054260254,0.6868131868131868,0.006868131868131868,-0.24106168746948242,-1.7563310861587524,1.5948965549468994,1.3808599710464478,1.634673833847046,0.0006424784660339355,-13.811816215515137,-0.24106166864108186,-100.00004577636719,-1.7453300509426566,91.3808364868164,1.5948964699215142,79.11744689941406,1.3808599441665543,93.65990447998047,1.6346737102790467,0.06424784660339355,0.0006424784660339355,False,False,0.0,0.0,0.0,0.0,0.63031005859375,0.0,0.63031005859375,0.0,0.0,0.0,0.0,0.0,0.0,0.0,0.0,0.0
5,111,4.274035845999606,4.287958964938298,False,-14.197802543640137,-0.2477983981370926,-98.15384674072266,-1.7131078243255615,91.47252655029297,1.5964967012405396,79.25274658203125,1.3832213878631592,93.53845977783203,1.632554054260254,0.6868131868131868,0.006868131868131868,-0.2455701231956482,-1.7423076629638672,1.5999855995178223,1.3815315961837769,1.637664556503296,1.528114080429077e-05,-14.070131301879883,-0.24557011740572018,-99.82687377929688,-1.7423076294215256,91.67241668701172,1.5999855044485465,79.15592193603516,1.3815314602354178,93.83126068115234,1.6376644401832057,0.0015281140804290771,1.528114080429077e-05,False,False,0.0,0.0,0.0,0.0,0.0,0.0,0.0,0.0,0.0,0.0,0.0,0.0,0.0,0.0,0.0,0.0
5,112,4.307651939918287,4.317970340955071,False,-14.197802543640137,-0.2477983981370926,-98.15384674072266,-1.7131078243255615,91.47252655029297,1.5964967012405396,79.25274658203125,1.3832213878631592,93.53845977783203,1.632554054260254,0.6868131868131868,0.006868131868131868,-0.2488328516483307,-1.7437961101531982,1.5866847038269043,1.3858004808425903,1.6415618658065796,-0.00013784319162368774,-14.257071495056152,-0.2488328392809603,-99.91215515136719,-1.743796070154771,90.91033172607422,1.5866846127002547,79.4005126953125,1.3858003743047602,94.05455780029297,1.6415617101224276,0.0,0.0,True,False,0.013784319162368774,0.0,0.0,0.0,0.0,0.0,0.0,0.0,0.0,0.0,0.0,0.0,0.0,0.0,0.0,0.0
5,113,4.340906040975824,4.351783674908802,False,-14.197802543640137,-0.2477983981370926,-98.15384674072266,-1.7131078243255615,91.47252655029297,1.5964967012405396,79.25274658203125,1.3832213878631592,93.53845977783203,1.632554054260254,0.6868131868131868,0.006868131868131868,-0.246445432305336,-1.756494164466858,1.5970571041107178,1.3843222856521606,1.6369682550430298,0.0007712990045547485,-14.120282173156738,-0.24644541523224517,-100.00004577636719,-1.7453300509426566,91.50462341308594,1.597056959355841,79.3158187866211,1.384322186741712,93.79136657714844,1.6369681567162044,0.07712990045547485,0.0007712990045547485,False,False,0.0,0.0,0.0,0.0,0.6396484375,0.0,0.6396484375,0.0,0.0,0.0,0.0,0.0,0.0,0.0,0.0,0.0
5,114,4.374415357946418,4.3848999419715255,False,-14.197802543640137,-0.2477983981370926,-98.15384674072266,-1.7131078243255615,91.47252655029297,1.5964967012405396,79.25274658203125,1.3832213878631592,93.53845977783203,1.632554054260254,0.6868131868131868,0.006868131868131868,-0.25117772817611694,-1.734908103942871,1.579248070716858,1.3867228031158447,1.6402664184570312,0.00025312602519989014,-14.391423225402832,-0.2511777193312615,-99.40290832519531,-1.7349080363327405,90.48424530029297,1.5792480016723176,79.45336151123047,1.3867227601483092,93.98033905029297,1.640266348568213,0.025312602519989014,0.00025312602519989014,False,False,0.0,0.0,0.0,0.0,0.0,0.0,0.0,0.0,0.0,0.0,0.0,0.0,0.0,0.0,0.0,0.0
5,115,4.407820887980051,4.417999606928788,False,-14.197802543640137,-0.2477983981370926,-98.15384674072266,-1.7131078243255615,91.47252655029297,1.5964967012405396,79.25274658203125,1.3832213878631592,93.53845977783203,1.632554054260254,0.6868131868131868,0.006868131868131868,-0.25713926553726196,-1.6985489130020142,1.5736465454101562,1.3877414464950562,1.643777847290039,0.0002587735652923584,-14.732994079589844,-0.2571392553656743,-97.3196792602539,-1.69854883007627,90.16329956054688,1.5736464417934994,79.51172637939453,1.3877414192652646,94.18152618408203,1.6437777264654825,0.02587735652923584,0.0002587735652923584,False,False,0.0,0.0,0.0,0.0,0.0,0.0,0.0,0.0,0.0,0.0,0.0,0.0,0.0,0.0,0.0,0.0
5,116,4.44113801792264,4.45317927794531,False,-14.197802543640137,-0.2477983981370926,-98.15384674072266,-1.7131078243255615,91.47252655029297,1.5964967012405396,79.25274658203125,1.3832213878631592,93.53845977783203,1.632554054260254,0.6868131868131868,0.006868131868131868,-0.27664729952812195,-1.6139450073242188,1.4359447956085205,1.3948370218276978,1.6448111534118652,4.719197750091553e-05,-15.85072135925293,-0.2766472765351546,-94.15384674072266,-1.6432946290437422,87.47252655029297,1.5266835933407696,79.91826629638672,1.3948368793575627,94.24073028564453,1.6448110329684333,0.004719197750091553,4.719197750091553e-05,False,False,0.0,0.0,0.0,0.0,0.0,1.6816177368164062,1.6816177368164062,0.0,5.198951721191406,5.198951721191406,0.0,0.0,0.0,0.0,0.0,0.0
5,117,4.474565492011607,4.485000507906079,False,-14.197802543640137,-0.2477983981370926,-98.15384674072266,-1.7131078243255615,91.47252655029297,1.5964967012405396,79.25274658203125,1.3832213878631592,93.53845977783203,1.632554054260254,0.6868131868131868,0.006868131868131868,-0.31498295068740845,-1.4415796995162964,1.3044071197509766,1.402854323387146,1.649977207183838,0.00033108144998550415,-18.04719352722168,-0.3149829477946272,-94.15384674072266,-1.6432946290437422,87.47252655029297,1.5266835933407696,80.37762451171875,1.4028541926611917,94.53672790527344,1.6499771660090234,0.033108144998550415,0.00033108144998550415,False,False,0.0,0.0,0.0,0.0,0.0,11.557418823242188,11.557418823242188,0.0,12.735504150390625,12.735504150390625,0.0,0.0,0.0,0.0,0.0,0.0
5,118,4.508057792903855,4.518566288985312,False,-14.373626708984375,-0.25086709856987,-97.45054626464844,-1.7008328437805176,91.29669952392578,1.5934280157089233,79.25274658203125,1.3832213878631592,93.53845977783203,1.632554054260254,0.6868131868131868,0.006868131868131868,-0.2991240620613098,-1.443275809288025,1.2767252922058105,1.4081541299819946,1.647236704826355,0.00026138126850128174,-17.138545989990234,-0.29912405652980073,-93.45054626464844,-1.6310197201054035,87.29669952392578,1.5236148328166712,80.68128204345703,1.408154016388504,94.37970733642578,1.6472366400892775,0.026138126850128174,0.00026138126850128174,False,False,0.0,0.0,0.0,0.0,0.0,10.756935119628906,10.756935119628906,0.0,14.145729064941406,14.145729064941406,0.0,0.0,0.0,0.0,0.0,0.0
5,119,4.5414630610030144,4.551907117012888,False,-15.516483306884766,-0.2708137333393097,-96.30769348144531,-1.6808863878250122,90.85713958740234,1.5857561826705933,79.6043930053711,1.3893587589263916,93.53845977783203,1.632554054260254,0.6868131868131868,0.006868131868131868,-0.2804216742515564,-1.47502863407135,1.3057401180267334,1.4152090549468994,1.643785834312439,-0.00020757317543029785,-16.066978454589844,-0.280421674879583,-92.30769348144531,-1.611073176172928,86.85713958740234,1.51594306466448,81.08550262451172,1.4152089964322327,94.1819839477539,1.6437857159487528,0.0,0.0,True,False,0.020757317543029785,0.0,0.0,0.0,0.0,7.7947845458984375,7.7947845458984375,0.0,12.043746948242188,12.043746948242188,0.0,0.0,0.0,0.0,0.0,0.0
5,120,4.574900629930198,4.741264298907481,False,-17.186813354492188,-0.2999664843082428,-94.81318664550781,-1.6548023223876953,90.5934066772461,1.5811532735824585,80.04395294189453,1.3970304727554321,93.53845977783203,1.632554054260254,0.6868131868131868,0.006868131868131868,-0.2990049123764038,-1.7050740718841553,1.5838216543197632,1.393473744392395,1.632698893547058,0.003273896872997284,-17.131717681884766,-0.29900488007101966,-97.69354248046875,-1.7050739742211278,90.74629211425781,1.583821581370365,79.84015655517578,1.3934736071955511,93.5467529296875,1.6326988431726983,0.3273896872997284,0.003273896872997284,False,False,0.0,0.0,0.0,0.0,0.0,0.0,0.0,0.0,0.0,0.0,0.0,0.0,0.0,0.0,0.0,0.0
5,121,4.742721315007657,4.75684410892427,False,-16.043956756591797,-0.2800198793411255,-92.87911987304688,-1.6210464239120483,90.5054931640625,1.5796188116073608,80.3956069946289,1.4031680822372437,93.53845977783203,1.632554054260254,0.6868131868131868,0.006868131868131868,-0.29589542746543884,-1.7213354110717773,1.5970311164855957,1.3913909196853638,1.6354676485061646,0.003227636218070984,-16.95355796813965,-0.29589540647175677,-96.87911987304688,-1.6908596182189388,91.50313568115234,1.5970309935352127,79.7208251953125,1.3913908820650547,93.70539093017578,1.6354675985999994,0.3227636218070984,0.003227636218070984,False,False,0.0,0.0,0.0,0.0,0.0,1.7461318969726562,1.7461318969726562,0.0,0.0,0.0,0.0,0.0,0.0,0.0,0.0,0.0
5,122,4.776181928929873,4.787696418003179,False,-15.95604419708252,-0.278485506772995,-92.70330047607422,-1.6179778575897217,90.5054931640625,1.5796188116073608,80.3956069946289,1.4031680822372437,93.53845977783203,1.632554054260254,0.6868131868131868,0.006868131868131868,-0.294950395822525,-1.722300410270691,1.5901648998260498,1.3931654691696167,1.6340447664260864,0.002435065805912018,-16.899412155151367,-0.29495038375894217,-96.70330047607422,-1.6877909908528952,91.10973358154297,1.5901648316127703,79.82249450683594,1.3931653462993745,93.62386322021484,1.63404467162957,0.24350658059120178,0.002435065805912018,False,False,0.0,0.0,0.0,0.0,0.0,1.9772415161132812,1.9772415161132812,0.0,0.0,0.0,0.0,0.0,0.0,0.0,0.0,0.0
5,123,4.809657136909664,4.820137487957254,False,-16.395605087280273,-0.2861572802066803,-93.14286041259766,-1.6256495714187622,90.5934066772461,1.5811532735824585,80.30769348144531,1.401633620262146,93.53845977783203,1.632554054260254,0.6868131868131868,0.006868131868131868,-0.29232460260391235,-1.7253316640853882,1.5949101448059082,1.3923035860061646,1.6299105882644653,0.0015938878059387207,-16.748964309692383,-0.2923245735031513,-97.14286041259766,-1.6954627590050864,91.3816146850586,1.5949100520430735,79.77311706542969,1.392303547370625,93.38699340820312,1.6299105135113854,0.15938878059387207,0.0015938878059387207,False,False,0.0,0.0,0.0,0.0,0.0,1.7113571166992188,1.7113571166992188,0.0,0.0,0.0,0.0,0.0,0.0,0.0,0.0,0.0
5,124,4.843178650946356,4.855005849967711,False,-16.659339904785156,-0.290760338306427,-94.9011001586914,-1.6563366651535034,91.20879364013672,1.5918937921524048,79.95604705810547,1.3954962491989136,93.53845977783203,1.632554054260254,0.6868131868131868,0.006868131868131868,-0.30178970098495483,-1.705842137336731,1.5886894464492798,1.3953931331634521,1.633616328239441,0.0014049112796783447,-17.291275024414062,-0.30178968104388826,-97.737548828125,-1.7058420298795067,91.02519226074219,1.588689307210812,79.95013427734375,1.3953930805512258,93.59931945800781,1.6336163021682306,0.14049112796783447,0.0014049112796783447,False,False,0.0,0.0,0.0,0.0,0.0,0.0,0.0,0.0,0.0,0.0,0.0,0.0,0.0,0.0,0.0,0.0
5,125,4.876429894939065,4.887568126898259,False,-16.923076629638672,-0.2953633964061737,-95.51648712158203,-1.6670771837234497,91.38461303710938,1.5949623584747314,79.95604705810547,1.3954962491989136,93.53845977783203,1.632554054260254,0.6868131868131868,0.006868131868131868,-0.303888738155365,-1.6624032258987427,1.4849274158477783,1.412832498550415,1.6430500745773315,0.0015815943479537964,-17.411540985107422,-0.3038887180360615,-95.2486801147461,-1.6624030761811697,87.38461303710938,1.5251492130787205,80.94933319091797,1.4128323914754461,94.13983154296875,1.6430500176976184,0.15815943479537964,0.0015815943479537964,False,False,0.0,0.0,0.0,0.0,0.0,0.0,0.0,0.0,2.3045425415039062,2.3045425415039062,0.0,0.0,0.0,0.0,0.0,0.0
5,126,4.909941714955494,4.921976128942333,False,-16.923076629638672,-0.2953633964061737,-96.04395294189453,-1.6762832403182983,91.38461303710938,1.5949623584747314,79.95604705810547,1.3954962491989136,93.53845977783203,1.632554054260254,0.6868131868131868,0.006868131868131868,-0.2959643006324768,-1.70621657371521,1.5732592344284058,1.3971505165100098,1.6326274871826172,0.003265954554080963,-16.957504272460938,-0.295964282475449,-97.75900268554688,-1.7062164703287719,90.14110565185547,1.5732590850129473,80.05082702636719,1.397150500554569,93.54265594482422,1.6326273372974298,0.3265954554080963,0.003265954554080963,False,False,0.0,0.0,0.0,0.0,0.0,0.0,0.0,0.0,0.0,0.0,0.0,0.0,0.0,0.0,0.0,0.0
5,127,4.945195675943978,4.956962238997221,False,-17.010988235473633,-0.2968977391719818,-96.13186645507812,-1.6778175830841064,91.38461303710938,1.5949623584747314,79.95604705810547,1.3954962491989136,93.53845977783203,1.632554054260254,0.6868131868131868,0.006868131868131868,-0.29807955026626587,-1.7078831195831299,1.5633811950683594,1.3963507413864136,1.632875680923462,0.0015682131052017212,-17.078699111938477,-0.298079531460758,-97.8544921875,-1.7078830765389434,89.57514190673828,1.5633811542137344,80.00499725341797,1.3963506201211637,93.55687713623047,1.6328755439110252,0.15682131052017212,0.0015682131052017212,False,False,0.0,0.0,0.0,0.0,0.0,0.0,0.0,0.0,0.0,0.0,0.0,0.0,0.0,0.0,0.0,0.0
5,128,4.976707071997225,4.987495584995486,False,-17.098901748657227,-0.2984321415424347,-95.69230651855469,-1.6701457500457764,91.12088012695312,1.5903593301773071,79.95604705810547,1.3954962491989136,93.53845977783203,1.632554054260254,0.6868131868131868,0.006868131868131868,-0.29941797256469727,-1.7228275537490845,1.5693622827529907,1.3974395990371704,1.6376187801361084,0.0012787654995918274,-17.155385971069336,-0.2994179696456046,-98.71073913574219,-1.7228274049959231,89.91783142089844,1.569362214547889,80.06739044189453,1.397439586690897,93.8286361694336,1.6376186338124563,0.12787654995918274,0.0012787654995918274,False,False,0.0,0.0,0.0,0.0,0.0,0.0,0.0,0.0,0.0,0.0,0.0,0.0,0.0,0.0,0.0,0.0
5,129,5.010243751923554,5.020362057955936,False,-17.010988235473633,-0.2968977391719818,-95.86813354492188,-1.6732145547866821,91.12088012695312,1.5903593301773071,79.95604705810547,1.3954962491989136,93.53845977783203,1.632554054260254,0.6868131868131868,0.006868131868131868,-0.29204392433166504,-1.7277997732162476,1.5758341550827026,1.3944497108459473,1.629915714263916,0.0020262226462364197,-16.73288345336914,-0.2920439096137706,-98.9956283569336,-1.7277996599091554,90.28864288330078,1.5758340954709449,79.89608001708984,1.3944496557350652,93.38728332519531,1.6299155735174566,0.20262226462364197,0.0020262226462364197,False,False,0.0,0.0,0.0,0.0,0.0,0.0,0.0,0.0,0.0,0.0,0.0,0.0,0.0,0.0,0.0,0.0
5,130,5.043678028974682,5.054107491974719,False,-17.010988235473633,-0.2968977391719818,-96.83516693115234,-1.6900924444198608,91.12088012695312,1.5903593301773071,79.86813354492188,1.3939619064331055,93.53845977783203,1.632554054260254,0.6868131868131868,0.006868131868131868,-0.29382187128067017,-1.7001190185546875,1.5711126327514648,1.3938515186309814,1.631771206855774,0.0022519826889038086,-16.834753036499023,-0.2938218692470211,-97.40963745117188,-1.7001188966969263,90.01811981201172,1.5711125771743435,79.86180114746094,1.3938513765961789,93.49359893798828,1.6317711310069694,0.22519826889038086,0.0022519826889038086,False,False,0.0,0.0,0.0,0.0,0.0,0.0,0.0,0.0,0.0,0.0,0.0,0.0,0.0,0.0,0.0,0.0
5,131,5.0774359209463,5.087836004910059,False,-17.098901748657227,-0.2984321415424347,-97.36264038085938,-1.699298620223999,91.12088012695312,1.5903593301773071,79.86813354492188,1.3939619064331055,93.53845977783203,1.632554054260254,0.6868131868131868,0.006868131868131868,-0.2967648506164551,-1.6873409748077393,1.5460352897644043,1.3958274126052856,1.6438831090927124,0.0021742284297943115,-17.003372192382812,-0.2967648286991268,-96.6775131225586,-1.6873409166286717,88.58129119873047,1.5460351870857214,79.97501373291016,1.395827308966963,94.18756103515625,1.6438830544865952,0.21742284297943115,0.0021742284297943115,False,False,0.0,0.0,0.0,0.0,0.0,0.0,0.0,0.0,0.0,0.0,0.0,0.0,0.0,0.0,0.0,0.0
5,132,5.110765832941979,5.1211132819298655,False,-17.098901748657227,-0.2984321415424347,-97.36264038085938,-1.699298620223999,91.12088012695312,1.5903593301773071,79.86813354492188,1.3939619064331055,93.53845977783203,1.632554054260254,0.6868131868131868,0.006868131868131868,-0.3010990619659424,-1.6885309219360352,1.5467979907989502,1.3956907987594604,1.638306975364685,0.0022267699241638184,-17.251705169677734,-0.30109905679420346,-96.74568939208984,-1.6885308170037192,88.62499237060547,1.54679791642192,79.9671859741211,1.395690688803042,93.86807250976562,1.6383069277961873,0.22267699241638184,0.0022267699241638184,False,False,0.0,0.0,0.0,0.0,0.0,0.0,0.0,0.0,0.0,0.0,0.0,0.0,0.0,0.0,0.0,0.0
5,133,5.1441299739526585,5.15507123991847,False,-17.098901748657227,-0.2984321415424347,-97.010986328125,-1.693161129951477,91.12088012695312,1.5903593301773071,79.86813354492188,1.3939619064331055,93.53845977783203,1.632554054260254,0.6868131868131868,0.006868131868131868,-0.2998977303504944,-1.6935608386993408,1.5512099266052246,1.3910200595855713,1.63100004196167,0.0039766281843185425,-17.182872772216797,-0.2998977048264687,-97.03388214111328,-1.6935607293545518,88.87777709960938,1.5512098422418,79.69957733154297,1.391020036883261,93.44941711425781,1.6310000127133368,0.39766281843185425,0.0039766281843185425,False,False,0.0,0.0,0.0,0.0,0.0,0.0,0.0,0.0,0.0,0.0,0.0,0.0,0.0,0.0,0.0,0.0
5,134,5.1774492809781805,5.188090494950302,False,-17.098901748657227,-0.2984321415424347,-96.92308044433594,-1.6916269063949585,91.12088012695312,1.5903593301773071,79.86813354492188,1.3939619064331055,93.53845977783203,1.632554054260254,0.6868131868131868,0.006868131868131868,-0.2982928156852722,-1.6871446371078491,1.5695744752883911,1.3886555433273315,1.6313421726226807,0.003554143011569977,-17.090917587280273,-0.2982927840850461,-96.666259765625,-1.6871445084982784,89.92998504638672,1.5695743353287137,79.56409454345703,1.3886554161513798,93.4690170288086,1.6313420957553575,0.3554143011569977,0.003554143011569977,False,False,0.0,0.0,0.0,0.0,0.0,0.0,0.0,0.0,0.0,0.0,0.0,0.0,0.0,0.0,0.0,0.0
5,135,5.210916706011631,5.222466643899679,False,-17.098901748657227,-0.2984321415424347,-96.92308044433594,-1.6916269063949585,91.12088012695312,1.5903593301773071,79.86813354492188,1.3939619064331055,93.53845977783203,1.632554054260254,0.6868131868131868,0.006868131868131868,-0.29838472604751587,-1.6744507551193237,1.5495516061782837,1.3894261121749878,1.6362709999084473,0.002928905189037323,-17.09618377685547,-0.2983846964321675,-95.93895721435547,-1.67445068432047,88.78276062011719,1.5495514918310074,79.60824584960938,1.3894260018127942,93.75141906738281,1.6362709411428218,0.2928905189037323,0.002928905189037323,False,False,0.0,0.0,0.0,0.0,0.0,0.0,0.0,0.0,0.0,0.0,0.0,0.0,0.0,0.0,0.0,0.0
5,136,5.244549399940297,5.25631856394466,False,-17.098901748657227,-0.2984321415424347,-96.92308044433594,-1.6916269063949585,91.12088012695312,1.5903593301773071,79.86813354492188,1.3939619064331055,93.53845977783203,1.632554054260254,0.6868131868131868,0.006868131868131868,-0.30581021308898926,-1.6259629726409912,1.5154839754104614,1.392838478088379,1.6414674520492554,0.002019137144088745,-17.52163314819336,-0.30581018876255367,-93.16081237792969,-1.625962909827561,87.12088012695312,1.5205462054506276,79.80376434326172,1.3928384432755672,94.04914855957031,1.6414673010617844,0.2019137144088745,0.002019137144088745,False,False,0.0,0.0,0.0,0.0,0.0,0.0,0.0,0.0,0.29004669189453125,0.29004669189453125,0.0,0.0,0.0,0.0,0.0,0.0
5,137,5.277767697931267,5.287979421904311,False,-17.098901748657227,-0.2984321415424347,-96.74725341796875,-1.6885581016540527,91.12088012695312,1.5903593301773071,79.86813354492188,1.3939619064331055,93.53845977783203,1.632554054260254,0.6868131868131868,0.006868131868131868,-0.30780714750289917,-1.5850164890289307,1.4446607828140259,1.396130919456482,1.6438798904418945,0.001981116831302643,-17.636049270629883,-0.30780712681643596,-92.74725341796875,-1.6187449443251192,87.12088012695312,1.5205462054506276,79.9924087524414,1.3961309093312322,94.1873779296875,1.643879858693287,0.19811168313026428,0.001981116831302643,False,False,0.0,0.0,0.0,0.0,0.0,1.9325027465820312,1.9325027465820312,0.0,4.3479156494140625,4.3479156494140625,0.0,0.0,0.0,0.0,0.0,0.0
5,138,5.311251536011696,5.3218440829077736,False,-17.098901748657227,-0.2984321415424347,-96.30769348144531,-1.6808863878250122,90.85713958740234,1.5857561826705933,79.86813354492188,1.3939619064331055,93.53845977783203,1.632554054260254,0.6868131868131868,0.006868131868131868,-0.31493884325027466,-1.4863108396530151,1.3655922412872314,1.3984081745147705,1.6398085355758667,0.0024077966809272766,-18.044666290283203,-0.3149388391890728,-92.30769348144531,-1.611073176172928,86.85713958740234,1.51594306466448,80.12287902832031,1.3984080452213044,93.9541015625,1.639808418018774,0.24077966809272766,0.0024077966809272766,False,False,0.0,0.0,0.0,0.0,0.0,7.1483612060546875,7.1483612060546875,0.0,8.614471435546875,8.614471435546875,0.0,0.0,0.0,0.0,0.0,0.0
5,139,5.344557733973488,5.355752891977318,False,-17.010988235473633,-0.2968977391719818,-95.25274658203125,-1.6624740362167358,90.5934066772461,1.5811532735824585,80.30769348144531,1.401633620262146,93.53845977783203,1.632554054260254,0.6868131868131868,0.006868131868131868,-0.3191976845264435,-1.4896347522735596,1.3324460983276367,1.4017575979232788,1.6408045291900635,0.0015354156494140625,-18.288679122924805,-0.31919766653578663,-91.25274658203125,-1.5926608793444472,86.5934066772461,1.511340057036387,80.31478881835938,1.401757502924297,94.01116943359375,1.6408044402664637,0.15354156494140625,0.0015354156494140625,False,False,0.0,0.0,0.0,0.0,0.0,5.9029693603515625,5.9029693603515625,0.0,10.249870300292969,10.249870300292969,0.0,0.0,0.0,0.0,0.0,0.0
5,140,5.378660404938273,5.388899756944738,False,-17.450550079345703,-0.3045695424079895,-94.19779968261719,-1.6440616846084595,90.5054931640625,1.5796188116073608,80.3956069946289,1.4031680822372437,93.53845977783203,1.632554054260254,0.6868131868131868,0.006868131868131868,-0.3203955888748169,-1.4467296600341797,1.2921710014343262,1.4019947052001953,1.6382801532745361,0.002091147005558014,-18.35731315612793,-0.3203955563941042,-90.19779968261719,-1.5742485825159662,86.5054931640625,1.509805676774338,80.32837677001953,1.4019946574193687,93.86653137207031,1.6382800298691775,0.2091147005558014,0.002091147005558014,False,False,0.0,0.0,0.0,0.0,0.0,7.306297302246094,7.306297302246094,0.0,12.469551086425781,12.469551086425781,0.0,0.0,0.0,0.0,0.0,0.0
5,141,5.411903214990161,5.422631477937102,False,-18.065933227539062,-0.315310001373291,-92.96703338623047,-1.6225807666778564,90.4175796508789,1.5780844688415527,80.48351287841797,1.4047023057937622,93.53845977783203,1.632554054260254,0.6868131868131868,0.006868131868131868,-0.3136920928955078,-1.5325663089752197,1.3706573247909546,1.4032379388809204,1.637954592704773,0.00312148779630661,-17.97323226928711,-0.31369208032475215,-88.96703338623047,-1.5527676583214416,86.4175796508789,1.5082712965122889,80.39960479736328,1.4032378210162177,93.8478775024414,1.6379544584259154,0.312148779630661,0.00312148779630661,False,False,0.0,0.0,0.0,0.0,0.0,1.1574554443359375,1.1574554443359375,0.0,7.88470458984375,7.88470458984375,0.0,0.0,0.0,0.0,0.0,0.0
5,142,5.445269418996759,5.456996934954077,False,-18.241758346557617,-0.318378746509552,-92.17582702636719,-1.6087716817855835,90.4175796508789,1.5780844688415527,80.48351287841797,1.4047023057937622,93.62637329101562,1.6340885162353516,0.6868131868131868,0.006868131868131868,-0.311459481716156,-1.6066396236419678,1.4710978269577026,1.3977655172348022,1.6402009725570679,0.003783993422985077,-17.845312118530273,-0.3114594525143979,-92.05366516113281,-1.606639545590164,86.4175796508789,1.5082712965122889,80.0860595703125,1.3977654244502684,93.9765853881836,1.6402008348053971,0.3783993422985077,0.003783993422985077,False,False,0.0,0.0,0.0,0.0,0.0,0.0,0.0,0.0,2.1298904418945312,2.1298904418945312,0.0,0.0,0.0,0.0,0.0,0.0
5,143,5.478653101949021,5.48941928090062,False,-18.065933227539062,-0.315310001373291,-91.64835357666016,-1.5995655059814453,90.4175796508789,1.5780844688415527,80.48351287841797,1.4047023057937622,93.53845977783203,1.632554054260254,0.6868131868131868,0.006868131868131868,-0.3134719729423523,-1.6088382005691528,1.4505512714385986,1.400305986404419,1.6423542499542236,0.0016562119126319885,-17.960620880126953,-0.31347197006065713,-92.17963409423828,-1.6088381182280789,86.4175796508789,1.5082712965122889,80.23162078857422,1.4003059469721495,94.09996032714844,1.6423541337047807,0.16562119126319885,0.0016562119126319885,False,False,0.0,0.0,0.0,0.0,0.0,0.0,0.0,0.0,3.3071212768554688,3.3071212768554688,0.0,0.0,0.0,0.0,0.0,0.0
5,144,5.512709294911474,5.523157842922956,False,-17.80219841003418,-0.3107069730758667,-90.76923370361328,-1.5842219591140747,90.4175796508789,1.5780844688415527,80.48351287841797,1.4047023057937622,93.53845977783203,1.632554054260254,0.6868131868131868,0.006868131868131868,-0.3089396059513092,-1.6434776782989502,1.518511176109314,1.396116852760315,1.6387901306152344,0.002083994448184967,-17.70093536376953,-0.3089396027804785,-94.1643295288086,-1.6434775882106305,87.00428009033203,1.5185111509036435,79.9916000366211,1.3961167945774549,93.895751953125,1.6387900252179277,0.2083994448184967,0.002083994448184967,False,False,0.0,0.0,0.0,0.0,0.0,0.0,0.0,0.0,0.0,0.0,0.0,0.0,0.0,0.0,0.0,0.0
5,145,5.545900469995104,5.5576674019685015,False,-17.714284896850586,-0.3091726005077362,-90.5934066772461,-1.5811532735824585,90.4175796508789,1.5780844688415527,80.48351287841797,1.4047023057937622,93.53845977783203,1.632554054260254,0.6868131868131868,0.006868131868131868,-0.3376407027244568,-1.515625,1.3767659664154053,1.4018738269805908,1.6404316425323486,0.0017895177006721497,-19.345386505126953,-0.3376406895853442,-86.83891296386719,-1.51562495007227,86.4175796508789,1.5082712965122889,80.32144927978516,1.401873749905879,93.98980712890625,1.6404315977138524,0.17895177006721497,0.0017895177006721497,False,False,0.0,0.0,0.0,0.0,0.0,0.0,0.0,0.0,7.534706115722656,7.534706115722656,0.0,0.0,0.0,0.0,0.0,0.0
5,146,5.57933424890507,5.590067599900067,False,-17.714284896850586,-0.3091726005077362,-91.82417297363281,-1.6026341915130615,90.4175796508789,1.5780844688415527,80.48351287841797,1.4047023057937622,93.53845977783203,1.632554054260254,0.6868131868131868,0.006868131868131868,-0.32378530502319336,-1.5646982192993164,1.40437912940979,1.3984944820404053,1.6429798603057861,0.001116141676902771,-18.551530838012695,-0.32378529440858433,-89.65059661865234,-1.5646980873727787,86.4175796508789,1.5082712965122889,80.1278305053711,1.3984944647986775,94.13580322265625,1.6429797102448402,0.1116141676902771,0.001116141676902771,False,False,0.0,0.0,0.0,0.0,0.0,0.0,0.0,0.0,5.952583312988281,5.952583312988281,0.0,0.0,0.0,0.0,0.0,0.0
5,147,5.613089052960277,5.623715096968226,False,-17.89011001586914,-0.3122413158416748,-93.31867980957031,-1.6287182569503784,90.24176025390625,1.5750157833099365,80.48351287841797,1.4047023057937622,93.53845977783203,1.632554054260254,0.6868131868131868,0.006868131868131868,-0.32335707545280457,-1.5511804819107056,1.3656961917877197,1.40122652053833,1.6415220499038696,0.0015309378504753113,-18.526994705200195,-0.32335705810529963,-89.31867980957031,-1.5589050462115839,86.24176025390625,1.505202669146245,80.28436279296875,1.4012264686029352,94.05227661132812,1.6415218958641309,0.15309378504753113,0.0015309378504753113,False,False,0.0,0.0,0.0,0.0,0.0,0.44258880615234375,0.44258880615234375,0.0,7.993133544921875,7.993133544921875,0.0,0.0,0.0,0.0,0.0,0.0
5,148,5.646353666903451,5.65778050199151,False,-18.769229888916016,-0.3275848627090454,-92.87911987304688,-1.6210464239120483,89.97801971435547,1.5704126358032227,80.48351287841797,1.4047023057937622,93.53845977783203,1.632554054260254,0.6868131868131868,0.006868131868131868,-0.33488088846206665,-1.437361478805542,1.2664320468902588,1.4070687294006348,1.644899606704712,-0.0002786293625831604,-19.187259674072266,-0.3348808557476951,-88.87911987304688,-1.5512332780593925,85.97801971435547,1.5005995283600975,80.61909484863281,1.4070686450862422,94.24579620361328,1.6448994499166238,0.0,0.0,True,False,0.02786293625831604,0.0,0.0,0.0,0.0,6.524375915527344,6.524375915527344,0.0,13.41680908203125,13.41680908203125,0.0,0.0,0.0,0.0,0.0,0.0
5,149,5.680029103998095,5.690223870915361,False,-19.03296661376953,-0.3321879208087921,-91.38461303710938,-1.5949623584747314,89.80220031738281,1.567344069480896,80.48351287841797,1.4047023057937622,94.06593322753906,1.641760230064392,0.6868131868131868,0.006868131868131868,-0.3563781976699829,-1.3419147729873657,1.188871145248413,1.406013011932373,1.644655704498291,-0.00024062395095825195,-20.41896629333496,-0.35637819167243734,-87.38461303710938,-1.5251492130787205,85.80220031738281,1.4975309009940536,80.55860900878906,1.4060129680301348,94.23182678222656,1.6446556375188273,0.0,0.0,True,False,0.024062395095825195,0.0,0.0,0.0,0.0,10.498565673828125,10.498565673828125,0.0,17.684906005859375,17.684906005859375,0.0,0.0,0.0,0.0,0.0,0.0
5,150,5.71349868690595,5.875725519959815,False,-18.505495071411133,-0.3229818046092987,-89.97801971435547,-1.5704126358032227,89.80220031738281,1.567344069480896,80.57142639160156,1.4062366485595703,93.53845977783203,1.632554054260254,0.6868131868131868,0.006868131868131868,-0.315415620803833,-1.6735533475875854,1.5860650539398193,1.3983174562454224,1.6284270286560059,0.003413289785385132,-18.071983337402344,-0.3154156116032242,-93.97801971435547,-1.6402258685196438,90.87483215332031,1.5860650282726478,80.11768341064453,1.3983173645861873,93.30199432373047,1.628426999626157,0.3413289785385132,0.003413289785385132,False,False,0.0,0.0,0.0,0.0,0.0,1.909515380859375,1.909515380859375,0.0,0.0,0.0,0.0,0.0,0.0,0.0,0.0,0.0
5,151,5.8772091179853305,5.8883079489460215,False,-20.08791160583496,-0.3506001830101013,-88.3956069946289,-1.5427943468093872,89.53845977783203,1.5627409219741821,80.57142639160156,1.4062366485595703,93.71428680419922,1.6356228590011597,0.6868131868131868,0.006868131868131868,-0.31842803955078125,-1.6760269403457642,1.5781347751617432,1.3957957029342651,1.6291638612747192,0.0017951205372810364,-18.24458122253418,-0.3184280129807537,-92.3956069946289,-1.612607556434977,90.42045593261719,1.5781346671786098,79.97319793701172,1.3957956173499912,93.34420776367188,1.6291637631417273,0.17951205372810364,0.0017951205372810364,False,False,0.0,0.0,0.0,0.0,0.0,3.6336593627929688,3.6336593627929688,0.0,0.0,0.0,0.0,0.0,0.0,0.0,0.0,0.0
5,152,5.9107159699779,5.920912484987639,False,-20.52747344970703,-0.358271986246109,-88.21977996826172,-1.539725661277771,89.53845977783203,1.5627409219741821,80.57142639160156,1.4062366485595703,94.06593322753906,1.641760230064392,0.6868131868131868,0.006868131868131868,-0.3218187689781189,-1.6541064977645874,1.5603344440460205,1.4010194540023804,1.6346724033355713,0.0014086812734603882,-18.43885612487793,-0.3218187496806426,-92.21977996826172,-1.609538795910879,89.40057373046875,1.5603343647686294,80.27249908447266,1.4010194078281817,93.65982818603516,1.6346723786985016,0.14086812734603882,0.0014086812734603882,False,False,0.0,0.0,0.0,0.0,0.0,2.5535354614257812,2.5535354614257812,0.0,0.0,0.0,0.0,0.0,0.0,0.0,0.0,0.0
5,153,5.944119532941841,5.956143749994226,False,-19.736263275146484,-0.3444627821445465,-88.3956069946289,-1.5427943468093872,89.62637329101562,1.5642752647399902,80.57142639160156,1.4062366485595703,93.80220031738281,1.6371572017669678,0.6868131868131868,0.006868131868131868,-0.31952810287475586,-1.6768075227737427,1.5759023427963257,1.399609923362732,1.6356492042541504,0.0020619332790374756,-18.3076114654541,-0.3195280982480382,-92.3956069946289,-1.612607556434977,90.29254913330078,1.575902272394851,80.19173431396484,1.3996097966632026,93.71578979492188,1.635649093028288,0.20619332790374756,0.0020619332790374756,False,False,0.0,0.0,0.0,0.0,0.0,3.6783828735351562,3.6783828735351562,0.0,0.0,0.0,0.0,0.0,0.0,0.0,0.0,0.0
5,154,5.978406903916039,5.988950693979859,False,-18.593406677246094,-0.3245161771774292,-89.80220031738281,-1.567344069480896,90.4175796508789,1.5780844688415527,80.57142639160156,1.4062366485595703,93.45054626464844,1.6310197114944458,0.6868131868131868,0.006868131868131868,-0.31818562746047974,-1.6753649711608887,1.5716723203659058,1.3992152214050293,1.630296230316162,0.0011703446507453918,-18.23069190979004,-0.3181855987425292,-93.80220031738281,-1.6371572411536,90.05018615722656,1.5716722404774237,80.16912078857422,1.3992151161896529,93.40908813476562,1.6302961392372288,0.11703446507453918,0.0011703446507453918,False,False,0.0,0.0,0.0,0.0,0.0,2.1891326904296875,2.1891326904296875,0.0,0.0,0.0,0.0,0.0,0.0,0.0,0.0,0.0
5,155,6.011838958947919,6.022003187914379,False,-18.769229888916016,-0.3275848627090454,-90.76923370361328,-1.5842219591140747,90.76923370361328,1.5842219591140747,80.3956069946289,1.4031680822372437,93.45054626464844,1.6310197114944458,0.6868131868131868,0.006868131868131868,-0.3233335316181183,-1.6679747104644775,1.5651073455810547,1.3971586227416992,1.6289584636688232,0.0007008686661720276,-18.525646209716797,-0.323333522419166,-94.76923370361328,-1.6540351577200316,89.67404174804688,1.5651072820742693,80.05128479003906,1.3971584900378393,93.33244323730469,1.628958433421682,0.07008686661720276,0.0007008686661720276,False,False,0.0,0.0,0.0,0.0,0.0,0.798675537109375,0.798675537109375,0.0,0.0,0.0,0.0,0.0,0.0,0.0,0.0,0.0
5,156,6.0453935109544545,6.055572417913936,False,-19.208791732788086,-0.3352566659450531,-91.64835357666016,-1.5995655059814453,90.76923370361328,1.5842219591140747,80.21977996826172,1.400099277496338,93.71428680419922,1.6356228590011597,0.6868131868131868,0.006868131868131868,-0.3205123543739319,-1.6755441427230835,1.567009449005127,1.3988711833953857,1.633689045906067,0.0012360215187072754,-18.364004135131836,-0.32051233600790424,-95.64835357666016,-1.6693786940244142,89.78302001953125,1.5670093117248038,80.1494140625,1.3988711689348692,93.60348510742188,1.63368900646599,0.12360215187072754,0.0012360215187072754,False,False,0.0,0.0,0.0,0.0,0.0,0.35324859619140625,0.35324859619140625,0.0,0.0,0.0,0.0,0.0,0.0,0.0,0.0,0.0
5,157,6.078735941904597,6.089322490966879,False,-18.681318283081055,-0.3260505199432373,-92.79120635986328,-1.6195120811462402,90.76923370361328,1.5842219591140747,80.04395294189453,1.3970304727554321,93.71428680419922,1.6356228590011597,0.6868131868131868,0.006868131868131868,-0.3138616383075714,-1.7002537250518799,1.5736818313598633,1.3985531330108643,1.6258399486541748,0.0028609037399291992,-17.982946395874023,-0.3138616238176493,-96.79120635986328,-1.6893252379568897,90.16532135009766,1.573681728677943,80.13118743896484,1.3985530543426592,93.15376281738281,1.6258398717851994,0.2860903739929199,0.0028609037399291992,False,False,0.0,0.0,0.0,0.0,0.0,0.6261520385742188,0.6261520385742188,0.0,0.0,0.0,0.0,0.0,0.0,0.0,0.0,0.0
5,158,6.112278807908297,6.122515488998033,False,-18.329669952392578,-0.3199130892753601,-93.67032623291016,-1.6348556280136108,90.76923370361328,1.5842219591140747,79.95604705810547,1.3954962491989136,93.36264038085938,1.6294854879379272,0.6868131868131868,0.006868131868131868,-0.31382209062576294,-1.698422908782959,1.5814403295516968,1.3962173461914062,1.62812340259552,0.001971900463104248,-17.980680465698242,-0.3138220758754617,-97.31246185302734,-1.6984228625567095,90.60984802246094,1.5814401827236162,79.99736022949219,1.3962173289086053,93.28459167480469,1.6281232661038332,0.1971900463104248,0.001971900463104248,False,False,0.0,0.0,0.0,0.0,0.0,0.0,0.0,0.0,0.0,0.0,0.0,0.0,0.0,0.0,0.0,0.0
5,159,6.145705242990516,6.156077911960892,False,-18.41758155822754,-0.3214474320411682,-94.54945373535156,-1.650199294090271,90.76923370361328,1.5842219591140747,79.86813354492188,1.3939619064331055,93.36264038085938,1.6294854879379272,0.6868131868131868,0.006868131868131868,-0.3129993677139282,-1.7051433324813843,1.582373023033142,1.3976025581359863,1.6368824243545532,0.0018417686223983765,-17.933542251586914,-0.31299935883570895,-97.697509765625,-1.70514321640947,90.66329193115234,1.5823729548954166,80.07672119140625,1.3976024389915556,93.78644561767578,1.6368822697710494,0.18417686223983765,0.0018417686223983765,False,False,0.0,0.0,0.0,0.0,0.0,0.0,0.0,0.0,0.0,0.0,0.0,0.0,0.0,0.0,0.0,0.0
5,160,6.178945205989294,6.189605619991198,False,-18.681318283081055,-0.3260505199432373,-95.34066009521484,-1.664008378982544,90.76923370361328,1.5842219591140747,79.86813354492188,1.3939619064331055,93.36264038085938,1.6294854879379272,0.6868131868131868,0.006868131868131868,-0.31153804063796997,-1.705356240272522,1.5774850845336914,1.4004379510879517,1.6359820365905762,0.0038155391812324524,-17.84981346130371,-0.3115380157665552,-97.70970916748047,-1.7053561361386218,90.38323211669922,1.577484989030685,80.23918151855469,1.4004379066041628,93.73486328125,1.635981988164548,0.38155391812324524,0.0038155391812324524,False,False,0.0,0.0,0.0,0.0,0.0,0.0,0.0,0.0,0.0,0.0,0.0,0.0,0.0,0.0,0.0,0.0
5,161,6.212616506963968,6.2231569739524275,False,-18.681318283081055,-0.3260505199432373,-95.95604705810547,-1.6747488975524902,90.85713958740234,1.5857561826705933,79.86813354492188,1.3939619064331055,93.45054626464844,1.6310197114944458,0.6868131868131868,0.006868131868131868,-0.3106730580329895,-1.7080450057983398,1.5941541194915771,1.3969740867614746,1.6318414211273193,0.0026899203658103943,-17.800254821777344,-0.3106730543340111,-97.86376190185547,-1.7080448635751657,91.33829498291016,1.5941539806096001,80.04071807861328,1.3969740661323513,93.49761962890625,1.631841305301693,0.26899203658103943,0.0026899203658103943,False,False,0.0,0.0,0.0,0.0,0.0,0.0,0.0,0.0,0.0,0.0,0.0,0.0,0.0,0.0,0.0,0.0
5,162,6.245997166959569,6.256287393975072,False,-18.329669952392578,-0.3199130892753601,-96.21977996826172,-1.6793519258499146,90.85713958740234,1.5857561826705933,79.86813354492188,1.3939619064331055,93.36264038085938,1.6294854879379272,0.6868131868131868,0.006868131868131868,-0.3155701160430908,-1.6931965351104736,1.5737382173538208,1.3987505435943604,1.6376413106918335,0.003181926906108856,-18.080835342407227,-0.31557010823596243,-97.01300811767578,-1.693196408917429,90.1685562133789,1.5737381876930525,80.14250183105469,1.3987505277374885,93.8299331665039,1.637641270681722,0.3181926906108856,0.003181926906108856,False,False,0.0,0.0,0.0,0.0,0.0,0.0,0.0,0.0,0.0,0.0,0.0,0.0,0.0,0.0,0.0,0.0
5,163,6.279642301960848,6.291135477949865,False,-18.153846740722656,-0.3168444037437439,-96.3956069946289,-1.6824207305908203,90.94505310058594,1.587290644645691,79.86813354492188,1.3939619064331055,93.36264038085938,1.6294854879379272,0.6868131868131868,0.006868131868131868,-0.31951457262039185,-1.6956321001052856,1.5786831378936768,1.4010868072509766,1.6373319625854492,0.0033266395330429077,-18.306835174560547,-0.3195145494159924,-97.15255737304688,-1.6956320028923608,90.45187377929688,1.5786830120470572,80.27635955810547,1.4010867858037606,93.81220245361328,1.6373318113630548,0.33266395330429077,0.0033266395330429077,False,False,0.0,0.0,0.0,0.0,0.0,0.0,0.0,0.0,0.0,0.0,0.0,0.0,0.0,0.0,0.0,0.0
5,164,6.313030605902895,6.323322900920175,False,-18.241758346557617,-0.318378746509552,-96.48351287841797,-1.6839549541473389,91.03296661376953,1.588824987411499,79.86813354492188,1.3939619064331055,93.36264038085938,1.6294854879379272,0.6868131868131868,0.006868131868131868,-0.3210211396217346,-1.7154371738433838,1.5833415985107422,1.3974239826202393,1.6335142850875854,0.0034368857741355896,-18.393156051635742,-0.32102113293416384,-98.28730773925781,-1.7154371329709532,90.71878814697266,1.5833415465838783,80.06649017333984,1.3974238740404656,93.59346771240234,1.633514169940426,0.34368857741355896,0.0034368857741355896,False,False,0.0,0.0,0.0,0.0,0.0,0.0,0.0,0.0,0.0,0.0,0.0,0.0,0.0,0.0,0.0,0.0
5,165,6.346634148969315,6.356677453964949,False,-18.329669952392578,-0.3199130892753601,-96.48351287841797,-1.6839549541473389,91.03296661376953,1.588824987411499,79.86813354492188,1.3939619064331055,93.36264038085938,1.6294854879379272,0.6868131868131868,0.006868131868131868,-0.312677800655365,-1.7183897495269775,1.5931806564331055,1.3955607414245605,1.631520390510559,0.0047486647963523865,-17.915117263793945,-0.31267778213408187,-98.45647430419922,-1.7183896465134696,91.28252410888672,1.5931805952311762,79.9597396850586,1.3955607265418462,93.4792251586914,1.6315202612322839,0.47486647963523865,0.0047486647963523865,False,False,0.0,0.0,0.0,0.0,0.0,0.0,0.0,0.0,0.0,0.0,0.0,0.0,0.0,0.0,0.0,0.0
5,166,6.379871640005149,6.3908573389053345,False,-18.329669952392578,-0.3199130892753601,-96.74725341796875,-1.6885581016540527,91.03296661376953,1.588824987411499,79.78022003173828,1.3924275636672974,93.36264038085938,1.6294854879379272,0.6868131868131868,0.006868131868131868,-0.3189675211906433,-1.6993879079818726,1.5908994674682617,1.394120454788208,1.6358956098556519,0.0026237890124320984,-18.27549171447754,-0.3189675028385765,-97.36775207519531,-1.6993878589776996,91.15181732177734,1.5908993314414142,79.87721252441406,1.394120355866277,93.72991180419922,1.635895568587175,0.26237890124320984,0.0026237890124320984,False,False,0.0,0.0,0.0,0.0,0.0,0.0,0.0,0.0,0.0,0.0,0.0,0.0,0.0,0.0,0.0,0.0
5,167,6.413700651959516,6.424804404960014,False,-18.329669952392578,-0.3199130892753601,-97.0988998413086,-1.6946954727172852,91.03296661376953,1.588824987411499,79.78022003173828,1.3924275636672974,93.36264038085938,1.6294854879379272,0.6868131868131868,0.006868131868131868,-0.3160080313682556,-1.6895923614501953,1.5646306276321411,1.3989826440811157,1.6389861106872559,0.003255128860473633,-18.105924606323242,-0.3160079984981987,-96.80650329589844,-1.6895922198561701,89.646728515625,1.564630576239145,80.15579986572266,1.398982622226489,93.906982421875,1.6389860338741575,0.3255128860473633,0.003255128860473633,False,False,0.0,0.0,0.0,0.0,0.0,0.0,0.0,0.0,0.0,0.0,0.0,0.0,0.0,0.0,0.0,0.0
5,168,6.446664270013571,6.457646126975305,False,-18.329669952392578,-0.3199130892753601,-97.0988998413086,-1.6946954727172852,91.03296661376953,1.588824987411499,79.78022003173828,1.3924275636672974,93.36264038085938,1.6294854879379272,0.6868131868131868,0.006868131868131868,-0.32114285230636597,-1.67646324634552,1.5564732551574707,1.3986600637435913,1.6374824047088623,0.004012018442153931,-18.400129318237305,-0.3211428393959805,-96.05426025390625,-1.6764631019981886,89.1793441772461,1.5564731806621779,80.13731384277344,1.398659980260426,93.8208236694336,1.6374822799646442,0.40120184421539307,0.004012018442153931,False,False,0.0,0.0,0.0,0.0,0.0,0.0,0.0,0.0,0.0,0.0,0.0,0.0,0.0,0.0,0.0,0.0
5,169,6.480128519935533,6.491502154967748,False,-18.329669952392578,-0.3199130892753601,-97.010986328125,-1.693161129951477,91.03296661376953,1.588824987411499,79.78022003173828,1.3924275636672974,93.36264038085938,1.6294854879379272,0.6868131868131868,0.006868131868131868,-0.3190249800682068,-1.661375880241394,1.5386321544647217,1.3986845016479492,1.6400701999664307,0.003938905894756317,-18.278783798217773,-0.31902496053909496,-95.1898193359375,-1.6613757617906717,88.1571273803711,1.5386321318875191,80.13871765136719,1.3986844813424546,93.9690933227539,1.6400700735958742,0.3938905894756317,0.003938905894756317,False,False,0.0,0.0,0.0,0.0,0.0,0.0,0.0,0.0,0.0,0.0,0.0,0.0,0.0,0.0,0.0,0.0
5,170,6.513558714999817,6.526382030919194,False,-18.329669952392578,-0.3199130892753601,-96.83516693115234,-1.6900924444198608,91.03296661376953,1.588824987411499,79.78022003173828,1.3924275636672974,93.36264038085938,1.6294854879379272,0.6868131868131868,0.006868131868131868,-0.32045459747314453,-1.6922571659088135,1.560043454170227,1.398490071296692,1.63380765914917,0.004706107079982758,-18.360694885253906,-0.32045457870176314,-96.95919036865234,-1.692257112000958,89.38390350341797,1.560043414419538,80.12757110595703,1.3984899374248243,93.61027526855469,1.6338075171344983,0.47061070799827576,0.004706107079982758,False,False,0.0,0.0,0.0,0.0,0.0,0.0,0.0,0.0,0.0,0.0,0.0,0.0,0.0,0.0,0.0,0.0
5,171,6.547315998002887,6.560708893928677,False,-18.329669952392578,-0.3199130892753601,-96.48351287841797,-1.6839549541473389,91.03296661376953,1.588824987411499,79.78022003173828,1.3924275636672974,93.36264038085938,1.6294854879379272,0.6868131868131868,0.006868131868131868,-0.32307761907577515,-1.6949459314346313,1.5707768201828003,1.3989217281341553,1.6435540914535522,0.004236660897731781,-18.510982513427734,-0.3230775926384094,-97.11324310302734,-1.6949458394375019,89.9988784790039,1.5707767525608844,80.15230560302734,1.3989216358375263,94.16870880126953,1.643554020933916,0.4236660897731781,0.004236660897731781,False,False,0.0,0.0,0.0,0.0,0.0,0.0,0.0,0.0,0.0,0.0,0.0,0.0,0.0,0.0,0.0,0.0
5,172,6.580921342014335,6.61614576599095,False,-18.241758346557617,-0.318378746509552,-96.30769348144531,-1.6808863878250122,91.03296661376953,1.588824987411499,79.78022003173828,1.3924275636672974,93.36264038085938,1.6294854879379272,0.6868131868131868,0.006868131868131868,-0.321743369102478,-1.6657367944717407,1.5639538764953613,1.3986821174621582,1.6364221572875977,0.0032609328627586365,-18.43453598022461,-0.32174334893227974,-95.43968200683594,-1.6657366880756763,89.60794830322266,1.5639537338481015,80.13858032226562,1.3986820844974737,93.76007843017578,1.6364220755346837,0.32609328627586365,0.0032609328627586365,False,False,0.0,0.0,0.0,0.0,0.0,0.0,0.0,0.0,0.0,0.0,0.0,0.0,0.0,0.0,0.0,0.0
5,173,6.617688144906424,6.631243712967262,False,-18.241758346557617,-0.318378746509552,-96.48351287841797,-1.6839549541473389,91.03296661376953,1.588824987411499,79.78022003173828,1.3924275636672974,93.45054626464844,1.6310197114944458,0.6868131868131868,0.006868131868131868,-0.31829577684402466,-1.6976743936538696,1.5609971284866333,1.401719570159912,1.6377681493759155,0.0036728158593177795,-18.237003326416016,-0.31829575374311764,-97.26956939697266,-1.6976742479742881,89.43854522705078,1.5609970924058956,80.31261444091797,1.4017195528787634,93.83719635009766,1.6377680371496097,0.36728158593177795,0.0036728158593177795,False,False,0.0,0.0,0.0,0.0,0.0,0.0,0.0,0.0,0.0,0.0,0.0,0.0,0.0,0.0,0.0,0.0
5,174,6.651004774961621,6.664008221938275,False,-18.241758346557617,-0.318378746509552,-96.57142639160156,-1.685489296913147,91.03296661376953,1.588824987411499,79.78022003173828,1.3924275636672974,93.53845977783203,1.632554054260254,0.6868131868131868,0.006868131868131868,-0.3231462240219116,-1.706412434577942,1.5595659017562866,1.3992620706558228,1.6435984373092651,0.003705546259880066,-18.51491355895996,-0.32314620232599256,-97.77022552490234,-1.7064123458269471,89.35653686523438,1.5595657764780324,80.17180633544922,1.3992619878248385,94.17124938964844,1.6435983625660657,0.3705546259880066,0.003705546259880066,False,False,0.0,0.0,0.0,0.0,0.0,0.0,0.0,0.0,0.0,0.0,0.0,0.0,0.0,0.0,0.0,0.0
5,175,6.684716312913224,6.698541443911381,False,-18.241758346557617,-0.318378746509552,-96.48351287841797,-1.6839549541473389,91.03296661376953,1.588824987411499,79.78022003173828,1.3924275636672974,93.53845977783203,1.632554054260254,0.6868131868131868,0.006868131868131868,-0.3263086974620819,-1.6859173774719238,1.572230577468872,1.3983521461486816,1.641421914100647,0.004371911287307739,-18.696109771728516,-0.32630867283094805,-96.595947265625,-1.6859173238679699,90.08216857910156,1.5722304390419042,80.11967468261719,1.3983521188384127,94.04653930664062,1.641421761007144,0.4371911287307739,0.004371911287307739,False,False,0.0,0.0,0.0,0.0,0.0,0.0,0.0,0.0,0.0,0.0,0.0,0.0,0.0,0.0,0.0,0.0
5,176,6.717813810915686,6.7299978859955445,False,-18.329669952392578,-0.3199130892753601,-96.74725341796875,-1.6885581016540527,91.03296661376953,1.588824987411499,79.78022003173828,1.3924275636672974,93.53845977783203,1.632554054260254,0.6868131868131868,0.006868131868131868,-0.32023370265960693,-1.6962077617645264,1.5744513273239136,1.3957722187042236,1.64258873462677,0.004763416945934296,-18.348037719726562,-0.32023366948934107,-97.18553924560547,-1.6962076451619814,90.20941162109375,1.5744512490749214,79.97185516357422,1.3957721815323985,94.11339569091797,1.6425886250387622,0.47634169459342957,0.004763416945934296,False,False,0.0,0.0,0.0,0.0,0.0,0.0,0.0,0.0,0.0,0.0,0.0,0.0,0.0,0.0,0.0,0.0
5,177,6.751216391916387,6.763224060996436,False,-18.41758155822754,-0.3214474320411682,-96.83516693115234,-1.6900924444198608,91.03296661376953,1.588824987411499,79.78022003173828,1.3924275636672974,93.53845977783203,1.632554054260254,0.6868131868131868,0.006868131868131868,-0.3170921802520752,-1.7030692100524902,1.5828174352645874,1.3964625597000122,1.639560580253601,0.0050152018666267395,-18.16804313659668,-0.31709217137796997,-97.57867431640625,-1.703069146552516,90.68875122070312,1.5828173033232962,80.01140594482422,1.396462472886947,93.93989562988281,1.6395604777212875,0.501520186662674,0.0050152018666267395,False,False,0.0,0.0,0.0,0.0,0.0,0.0,0.0,0.0,0.0,0.0,0.0,0.0,0.0,0.0,0.0,0.0
5,178,6.784649282926694,6.79660421598237,False,-18.41758155822754,-0.3214474320411682,-96.74725341796875,-1.6885581016540527,91.03296661376953,1.588824987411499,79.78022003173828,1.3924275636672974,93.53845977783203,1.632554054260254,0.6868131868131868,0.006868131868131868,-0.3147236108779907,-1.7160730361938477,1.579245686531067,1.395874261856079,1.6415935754776,0.00480295717716217,-18.032333374023438,-0.3147235891939671,-98.32373809814453,-1.7160729626812097,90.4841079711914,1.5792456048273364,79.97769927978516,1.3958741806021486,94.05638122558594,1.641593534897454,0.48029571771621704,0.00480295717716217,False,False,0.0,0.0,0.0,0.0,0.0,0.0,0.0,0.0,0.0,0.0,0.0,0.0,0.0,0.0,0.0,0.0
5,179,6.818211204954423,6.830399101949297,False,-18.41758155822754,-0.3214474320411682,-96.83516693115234,-1.6900924444198608,91.03296661376953,1.588824987411499,79.78022003173828,1.3924275636672974,93.53845977783203,1.632554054260254,0.6868131868131868,0.006868131868131868,-0.31690746545791626,-1.701038122177124,1.5751765966415405,1.394950270652771,1.6434091329574585,0.0038465410470962524,-18.157459259033203,-0.3169074478668593,-97.4623031616211,-1.7010380867471673,90.25096893310547,1.5751765609978043,79.92475891113281,1.3949501968619455,94.160400390625,1.643409011812561,0.38465410470962524,0.0038465410470962524,False,False,0.0,0.0,0.0,0.0,0.0,0.0,0.0,0.0,0.0,0.0,0.0,0.0,0.0,0.0,0.0,0.0
5,180,6.851519156945869,7.016096590901725,False,-18.41758155822754,-0.3214474320411682,-97.0988998413086,-1.6946954727172852,91.03296661376953,1.588824987411499,79.78022003173828,1.3924275636672974,93.53845977783203,1.632554054260254,0.6868131868131868,0.006868131868131868,-0.31970855593681335,-1.7151836156845093,1.5907272100448608,1.3862450122833252,1.6308159828186035,0.001550048589706421,-18.317949295043945,-0.31970852741189104,-98.27277374267578,-1.715183466877123,91.14195251464844,1.5907271580769407,79.42598724365234,1.3862449890487492,93.4388656616211,1.6308158551239578,0.1550048589706421,0.001550048589706421,False,False,0.0,0.0,0.0,0.0,0.0,0.0,0.0,0.0,0.0,0.0,0.0,0.0,0.0,0.0,0.0,0.0
5,181,7.017578736995347,7.03090719494503,False,-18.41758155822754,-0.3214474320411682,-97.0988998413086,-1.6946954727172852,91.03296661376953,1.588824987411499,79.78022003173828,1.3924275636672974,93.53845977783203,1.632554054260254,0.6868131868131868,0.006868131868131868,-0.3130270838737488,-1.7271052598953247,1.5934957265853882,1.3889700174331665,1.6368529796600342,0.0015635117888450623,-17.935129165649414,-0.3130270557110458,-98.9558334350586,-1.7271051074968629,91.30057525634766,1.5934956471881325,79.58211517333984,1.388969935476118,93.78475952148438,1.636852841841004,0.15635117888450623,0.0015635117888450623,False,False,0.0,0.0,0.0,0.0,0.0,0.0,0.0,0.0,0.0,0.0,0.0,0.0,0.0,0.0,0.0,0.0
5,182,7.051127860904671,7.063934781006537,False,-18.41758155822754,-0.3214474320411682,-97.0988998413086,-1.6946954727172852,91.03296661376953,1.588824987411499,79.78022003173828,1.3924275636672974,93.53845977783203,1.632554054260254,0.6868131868131868,0.006868131868131868,-0.30914852023124695,-1.7369827032089233,1.585975170135498,1.3895283937454224,1.6355687379837036,0.0009119287133216858,-17.71290397644043,-0.3091484944784816,-99.52177429199219,-1.7369826388219123,90.86968231201172,1.5859751465858578,79.61410522460938,1.3895282671986533,93.711181640625,1.6355686655633679,0.09119287133216858,0.0009119287133216858,False,False,0.0,0.0,0.0,0.0,0.0,0.0,0.0,0.0,0.0,0.0,0.0,0.0,0.0,0.0,0.0,0.0
5,183,7.0847054439364,7.096715845982544,False,-18.41758155822754,-0.3214474320411682,-97.36264038085938,-1.699298620223999,91.20879364013672,1.5918937921524048,79.78022003173828,1.3924275636672974,93.53845977783203,1.632554054260254,0.6868131868131868,0.006868131868131868,-0.3145761489868164,-1.7151919603347778,1.5741902589797974,1.3952622413635254,1.6431732177734375,0.00011341273784637451,-18.023883819580078,-0.31457611664860397,-98.27325439453125,-1.715191855834557,90.19445037841797,1.574190126130039,79.94263458251953,1.3952621861836483,94.14688873291016,1.6431731888980345,0.011341273784637451,0.00011341273784637451,False,False,0.0,0.0,0.0,0.0,0.0,0.0,0.0,0.0,0.0,0.0,0.0,0.0,0.0,0.0,0.0,0.0
5,184,7.11792482691817,7.129589039948769,False,-18.241758346557617,-0.318378746509552,-97.80220031738281,-1.706970453262329,91.20879364013672,1.5918937921524048,79.78022003173828,1.3924275636672974,93.53845977783203,1.632554054260254,0.6868131868131868,0.006868131868131868,-0.3123970627784729,-1.7270660400390625,1.5855189561843872,1.3901951313018799,1.6312896013259888,0.0014078840613365173,-17.899032592773438,-0.3123970516656739,-98.9535903930664,-1.7270659590288386,90.84353637695312,1.5855188139330727,79.65230560302734,1.3901949895775545,93.46600341796875,1.6312894983238284,0.14078840613365173,0.0014078840613365173,False,False,0.0,0.0,0.0,0.0,0.0,0.0,0.0,0.0,0.0,0.0,0.0,0.0,0.0,0.0,0.0,0.0
5,185,7.15126606693957,7.163132356945425,False,-18.241758346557617,-0.318378746509552,-97.80220031738281,-1.706970453262329,91.20879364013672,1.5918937921524048,79.78022003173828,1.3924275636672974,93.53845977783203,1.632554054260254,0.6868131868131868,0.006868131868131868,-0.31609439849853516,-1.7247475385665894,1.5798852443695068,1.3912849426269531,1.6325825452804565,0.001191459596157074,-18.11087417602539,-0.31609438478605817,-98.82074737548828,-1.7247474109838157,90.520751953125,1.579885162963119,79.71475219726562,1.3912848882536695,93.54008483886719,1.6325824630330619,0.1191459596157074,0.001191459596157074,False,False,0.0,0.0,0.0,0.0,0.0,0.0,0.0,0.0,0.0,0.0,0.0,0.0,0.0,0.0,0.0,0.0
5,186,7.184904751949944,7.196332252002321,False,-18.153846740722656,-0.3168444037437439,-97.80220031738281,-1.706970453262329,91.20879364013672,1.5918937921524048,79.78022003173828,1.3924275636672974,93.53845977783203,1.632554054260254,0.6868131868131868,0.006868131868131868,-0.31463050842285156,-1.7344003915786743,1.5873262882232666,1.3891245126724243,1.6335465908050537,0.00010527670383453369,-18.02699851989746,-0.3146304784243552,-99.37381744384766,-1.7344003046709169,90.94709014892578,1.587326168206855,79.5909652709961,1.3891243988193427,93.59532165527344,1.6335465273476706,0.01052767038345337,0.00010527670383453369,False,False,0.0,0.0,0.0,0.0,0.0,0.0,0.0,0.0,0.0,0.0,0.0,0.0,0.0,0.0,0.0,0.0
5,187,7.218188539962284,7.230671500903554,False,-18.153846740722656,-0.3168444037437439,-97.97801971435547,-1.7100390195846558,91.20879364013672,1.5918937921524048,79.78022003173828,1.3924275636672974,93.53845977783203,1.632554054260254,0.6868131868131868,0.006868131868131868,-0.31439095735549927,-1.7343214750289917,1.5765241384506226,1.3894258737564087,1.6381913423538208,0.00025235116481781006,-18.013273239135742,-0.3143909270843026,-99.36929321289062,-1.734321341944596,90.32817077636719,1.57652398735133,79.60823059082031,1.3894257354966852,93.86144256591797,1.6381912134468233,0.025235116481781006,0.00025235116481781006,False,False,0.0,0.0,0.0,0.0,0.0,0.0,0.0,0.0,0.0,0.0,0.0,0.0,0.0,0.0,0.0,0.0
5,188,7.251787226996385,7.264022622955963,False,-18.153846740722656,-0.3168444037437439,-97.97801971435547,-1.7100390195846558,91.20879364013672,1.5918937921524048,79.78022003173828,1.3924275636672974,93.53845977783203,1.632554054260254,0.6868131868131868,0.006868131868131868,-0.3157484531402588,-1.7459105253219604,1.5859196186065674,1.390360713005066,1.6335734128952026,-0.00020465999841690063,-18.091053009033203,-0.31574844016045683,-100.00004577636719,-1.7453300509426566,90.86649322509766,1.585919486519075,79.66179656982422,1.3903606381973574,93.59685516357422,1.633573292116626,0.0,0.0,True,False,0.020465999841690063,0.0,0.0,0.0,0.03325653076171875,0.0,0.03325653076171875,0.0,0.0,0.0,0.0,0.0,0.0,0.0,0.0,0.0
5,189,7.28526074194815,7.2969653129111975,False,-18.153846740722656,-0.3168444037437439,-98.06593322753906,-1.7115733623504639,91.20879364013672,1.5918937921524048,79.78022003173828,1.3924275636672974,93.53845977783203,1.632554054260254,0.6868131868131868,0.006868131868131868,-0.3171536326408386,-1.7444413900375366,1.5889594554901123,1.3885952234268188,1.6353729963302612,-0.00010535866022109985,-18.17156410217285,-0.3171536238201235,-99.94912719726562,-1.744441354086897,91.04066467285156,1.588959351745346,79.56063842773438,1.3885950955526896,93.69996643066406,1.635372923223247,0.0,0.0,True,False,0.010535866022109985,0.0,0.0,0.0,0.0,0.0,0.0,0.0,0.0,0.0,0.0,0.0,0.0,0.0,0.0,0.0
5,190,7.319208675995469,7.330952817923389,False,-18.153846740722656,-0.3168444037437439,-98.15384674072266,-1.7131078243255615,91.20879364013672,1.5918937921524048,79.69230651855469,1.3908931016921997,93.53845977783203,1.632554054260254,0.6868131868131868,0.006868131868131868,-0.30869439244270325,-1.7544759511947632,1.5877876281738281,1.3884104490280151,1.632586121559143,0.0006341636180877686,-17.6868839263916,-0.30869435893359587,-100.00004577636719,-1.7453300509426566,90.97352600097656,1.587787560865711,79.55005645751953,1.3884104053310924,93.54029083251953,1.6325860583005336,0.06341636180877686,0.0006341636180877686,False,False,0.0,0.0,0.0,0.0,0.524017333984375,0.0,0.524017333984375,0.0,0.0,0.0,0.0,0.0,0.0,0.0,0.0,0.0
5,191,7.352671283995733,7.36501197097823,False,-18.153846740722656,-0.3168444037437439,-98.15384674072266,-1.7131078243255615,91.20879364013672,1.5918937921524048,79.69230651855469,1.3908931016921997,93.53845977783203,1.632554054260254,0.6868131868131868,0.006868131868131868,-0.31050407886505127,-1.750959873199463,1.5908665657043457,1.3871263265609741,1.6313318014144897,0.0005710422992706299,-17.790573120117188,-0.3105040767628456,-100.00004577636719,-1.7453300509426566,91.14993286132812,1.5908664414019518,79.47647857666016,1.3871262290534563,93.46842193603516,1.6313317094271063,0.05710422992706299,0.0005710422992706299,False,False,0.0,0.0,0.0,0.0,0.32256317138671875,0.0,0.32256317138671875,0.0,0.0,0.0,0.0,0.0,0.0,0.0,0.0,0.0
5,192,7.386130673927255,7.3999182909028605,False,-18.153846740722656,-0.3168444037437439,-98.15384674072266,-1.7131078243255615,91.20879364013672,1.5918937921524048,79.69230651855469,1.3908931016921997,93.53845977783203,1.632554054260254,0.6868131868131868,0.006868131868131868,-0.3092709183692932,-1.7509570121765137,1.5833485126495361,1.3874660730361938,1.6320973634719849,0.0018028095364570618,-17.71991729736328,-0.3092709000200844,-100.00004577636719,-1.7453300509426566,90.71918487548828,1.5833484708027126,79.4959487915039,1.3874660484085504,93.51228332519531,1.6320972350824494,0.18028095364570618,0.0018028095364570618,False,False,0.0,0.0,0.0,0.0,0.32239532470703125,0.0,0.32239532470703125,0.0,0.0,0.0,0.0,0.0,0.0,0.0,0.0,0.0
5,193,7.419658700935543,7.433495419914834,False,-18.153846740722656,-0.3168444037437439,-98.15384674072266,-1.7131078243255615,91.20879364013672,1.5918937921524048,79.69230651855469,1.3908931016921997,93.53845977783203,1.632554054260254,0.6868131868131868,0.006868131868131868,-0.3183434307575226,-1.7237820625305176,1.56911039352417,1.387007474899292,1.6342633962631226,0.0017036423087120056,-18.239734649658203,-0.31834342432663004,-98.76543426513672,-1.723782015088662,89.90339660644531,1.5691102795087675,79.46967315673828,1.3870074520688387,93.63639068603516,1.6342633171550656,0.17036423087120056,0.0017036423087120056,False,False,0.0,0.0,0.0,0.0,0.0,0.0,0.0,0.0,0.0,0.0,0.0,0.0,0.0,0.0,0.0,0.0
5,194,7.453299183980562,7.466947785927914,False,-18.153846740722656,-0.3168444037437439,-98.15384674072266,-1.7131078243255615,91.20879364013672,1.5918937921524048,79.69230651855469,1.3908931016921997,93.53845977783203,1.632554054260254,0.6868131868131868,0.006868131868131868,-0.3078392744064331,-1.7155015468597412,1.581986904144287,1.385151743888855,1.6338281631469727,0.0017019584774971008,-17.637889862060547,-0.30783925119708505,-98.2909927368164,-1.7155014483112785,90.64116668701172,1.581986796537355,79.36334228515625,1.385151628263217,93.6114501953125,1.633828023474892,0.17019584774971008,0.0017019584774971008,False,False,0.0,0.0,0.0,0.0,0.0,0.0,0.0,0.0,0.0,0.0,0.0,0.0,0.0,0.0,0.0,0.0
5,195,7.486698713968508,7.499039948917925,False,-18.153846740722656,-0.3168444037437439,-98.15384674072266,-1.7131078243255615,91.20879364013672,1.5918937921524048,79.69230651855469,1.3908931016921997,93.53845977783203,1.632554054260254,0.6868131868131868,0.006868131868131868,-0.31020522117614746,-1.7355828285217285,1.581590175628662,1.3852050304412842,1.6346039772033691,0.002022571861743927,-17.773448944091797,-0.3102052035095114,-99.44156646728516,-1.735582748194912,90.61843872070312,1.5815901186929877,79.36639404296875,1.3852048914850186,93.6559066772461,1.6346039354584865,0.2022571861743927,0.002022571861743927,False,False,0.0,0.0,0.0,0.0,0.0,0.0,0.0,0.0,0.0,0.0,0.0,0.0,0.0,0.0,0.0,0.0
5,196,7.519916224991903,7.530710784951225,False,-18.153846740722656,-0.3168444037437439,-98.06593322753906,-1.7115733623504639,91.20879364013672,1.5918937921524048,79.69230651855469,1.3908931016921997,93.53845977783203,1.632554054260254,0.6868131868131868,0.006868131868131868,-0.3209265172481537,-1.7188633680343628,1.5796973705291748,1.3869584798812866,1.6426122188568115,0.00043255090713500977,-18.387733459472656,-0.32092649084692515,-98.48361206054688,-1.71886328971334,90.5099868774414,1.5796972769482138,79.46686553955078,1.3869584499047813,94.11474609375,1.6426121940144094,0.04325509071350098,0.00043255090713500977,False,False,0.0,0.0,0.0,0.0,0.0,0.0,0.0,0.0,0.0,0.0,0.0,0.0,0.0,0.0,0.0,0.0
5,197,7.553773317951709,7.5652004149742424,False,-18.153846740722656,-0.3168444037437439,-98.15384674072266,-1.7131078243255615,91.20879364013672,1.5918937921524048,79.69230651855469,1.3908931016921997,93.53845977783203,1.632554054260254,0.6868131868131868,0.006868131868131868,-0.3113636076450348,-1.7184044122695923,1.5803648233413696,1.3855500221252441,1.638422966003418,0.0011287331581115723,-17.839818954467773,-0.311363578715155,-98.45731353759766,-1.718404293899465,90.54823303222656,1.5803647982754423,79.38616180419922,1.3855499040042383,93.87471771240234,1.6384229084616602,0.11287331581115723,0.0011287331581115723,False,False,0.0,0.0,0.0,0.0,0.0,0.0,0.0,0.0,0.0,0.0,0.0,0.0,0.0,0.0,0.0,0.0
5,198,7.586924845003523,7.599486748920754,False,-18.153846740722656,-0.3168444037437439,-98.24176025390625,-1.7146421670913696,91.20879364013672,1.5918937921524048,79.69230651855469,1.3908931016921997,93.53845977783203,1.632554054260254,0.6868131868131868,0.006868131868131868,-0.31690752506256104,-1.7239521741867065,1.5736581087112427,1.3855429887771606,1.6363338232040405,0.0013572052121162415,-18.15746307373047,-0.3169075144458866,-98.77517700195312,-1.7239520579242635,90.1639633178711,1.5736580265442413,79.38575744628906,1.3855428466273496,93.75502014160156,1.6363337917445475,0.13572052121162415,0.0013572052121162415,False,False,0.0,0.0,0.0,0.0,0.0,0.0,0.0,0.0,0.0,0.0,0.0,0.0,0.0,0.0,0.0,0.0
5,199,7.6213140189647675,7.634613809990697,False,-18.153846740722656,-0.3168444037437439,-98.06593322753906,-1.7115733623504639,91.20879364013672,1.5918937921524048,79.69230651855469,1.3908931016921997,93.53845977783203,1.632554054260254,0.6868131868131868,0.006868131868131868,-0.31153321266174316,-1.7122454643249512,1.583072304725647,1.387008547782898,1.637572169303894,0.002018742263317108,-17.849536895751953,-0.3115331887870794,-98.10443115234375,-1.7122453344044932,90.70335388183594,1.583072167839617,79.46973419189453,1.3870085173332747,93.82596588134766,1.63757202849338,0.20187422633171082,0.002018742263317108,False,False,0.0,0.0,0.0,0.0,0.0,0.0,0.0,0.0,0.0,0.0,0.0,0.0,0.0,0.0,0.0,0.0
5,200,7.65463742997963,7.666464239940979,False,-18.153846740722656,-0.3168444037437439,-98.06593322753906,-1.7115733623504639,91.20879364013672,1.5918937921524048,79.69230651855469,1.3908931016921997,93.53845977783203,1.632554054260254,0.6868131868131868,0.006868131868131868,-0.3229735493659973,-1.7169644832611084,1.5796087980270386,1.3870967626571655,1.6383460760116577,0.0015095099806785583,-18.505020141601562,-0.3229735296188146,-98.37480926513672,-1.716964322698059,90.50491333007812,1.5796087268419687,79.47478485107422,1.3870966679653565,93.87030792236328,1.6383459431061569,0.15095099806785583,0.0015095099806785583,False,False,0.0,0.0,0.0,0.0,0.0,0.0,0.0,0.0,0.0,0.0,0.0,0.0,0.0,0.0,0.0,0.0
5,201,7.687997161992826,7.698897966998629,False,-18.153846740722656,-0.3168444037437439,-98.06593322753906,-1.7115733623504639,91.20879364013672,1.5918937921524048,79.69230651855469,1.3908931016921997,93.53845977783203,1.632554054260254,0.6868131868131868,0.006868131868131868,-0.3163427710533142,-1.7193312644958496,1.5815013647079468,1.386242389678955,1.63565993309021,0.0011764317750930786,-18.125104904174805,-0.31634275784722166,-98.51042175292969,-1.719331207116867,90.61334991455078,1.5815013022706337,79.42583465576172,1.386242325887659,93.7164077758789,1.635659878830703,0.11764317750930786,0.0011764317750930786,False,False,0.0,0.0,0.0,0.0,0.0,0.0,0.0,0.0,0.0,0.0,0.0,0.0,0.0,0.0,0.0,0.0
5,202,7.721515372977592,7.733150077983737,False,-18.153846740722656,-0.3168444037437439,-98.06593322753906,-1.7115733623504639,91.20879364013672,1.5918937921524048,79.69230651855469,1.3908931016921997,93.53845977783203,1.632554054260254,0.6868131868131868,0.006868131868131868,-0.3177109360694885,-1.702296495437622,1.5662288665771484,1.3874435424804688,1.6363325119018555,0.0019406229257583618,-18.203495025634766,-0.3177109235677362,-97.5344009399414,-1.7022964303622297,89.73829650878906,1.5662287392093017,79.4946517944336,1.3874434115392846,93.75494384765625,1.6363324601640026,0.19406229257583618,0.0019406229257583618,False,False,0.0,0.0,0.0,0.0,0.0,0.0,0.0,0.0,0.0,0.0,0.0,0.0,0.0,0.0,0.0,0.0
5,203,7.754707503947429,7.766475251992233,False,-18.153846740722656,-0.3168444037437439,-98.06593322753906,-1.7115733623504639,91.20879364013672,1.5918937921524048,79.69230651855469,1.3908931016921997,93.53845977783203,1.632554054260254,0.6868131868131868,0.006868131868131868,-0.31597059965133667,-1.709017038345337,1.5575679540634155,1.3909531831741333,1.6408002376556396,0.0017794221639633179,-18.10378074645996,-0.3159705810848831,-97.9194564819336,-1.7090169173730447,89.2420654296875,1.557567873028255,79.69573974609375,1.3909530583818457,94.01092529296875,1.6408001792087195,0.1779422163963318,0.0017794221639633179,False,False,0.0,0.0,0.0,0.0,0.0,0.0,0.0,0.0,0.0,0.0,0.0,0.0,0.0,0.0,0.0,0.0
5,204,7.788250757963397,7.8013497579377145,False,-18.153846740722656,-0.3168444037437439,-98.06593322753906,-1.7115733623504639,91.20879364013672,1.5918937921524048,79.69230651855469,1.3908931016921997,93.53845977783203,1.632554054260254,0.6868131868131868,0.006868131868131868,-0.32469749450683594,-1.6719309091567993,1.5338282585144043,1.3910229206085205,1.6316125392913818,0.002673119306564331,-18.60379409790039,-0.32469746037145014,-95.7945785522461,-1.671930801297037,87.88188171386719,1.5338281887551797,79.69973754882812,1.3910228332024057,93.48450469970703,1.6316124066060005,0.2673119306564331,0.002673119306564331,False,False,0.0,0.0,0.0,0.0,0.0,0.0,0.0,0.0,0.0,0.0,0.0,0.0,0.0,0.0,0.0,0.0
5,205,7.821554867899977,7.832009133999236,False,-18.153846740722656,-0.3168444037437439,-98.06593322753906,-1.7115733623504639,91.20879364013672,1.5918937921524048,79.69230651855469,1.3908931016921997,93.53845977783203,1.632554054260254,0.6868131868131868,0.006868131868131868,-0.32098695635795593,-1.6623960733413696,1.4884964227676392,1.3936666250228882,1.6384128332138062,0.0019345954060554504,-18.391197204589844,-0.32098694460366994,-95.24827575683594,-1.662396018804281,87.20879364013672,1.5220805857126767,79.85121154785156,1.3936665532165273,93.87413787841797,1.6384127884495179,0.19345954060554504,0.0019345954060554504,False,False,0.0,0.0,0.0,0.0,0.0,0.0,0.0,0.0,1.9242324829101562,1.9242324829101562,0.0,0.0,0.0,0.0,0.0,0.0
5,206,7.854940339922905,7.865386151010171,False,-18.153846740722656,-0.3168444037437439,-97.89010620117188,-1.7085046768188477,91.12088012695312,1.5903593301773071,79.69230651855469,1.3908931016921997,93.53845977783203,1.632554054260254,0.6868131868131868,0.006868131868131868,-0.32151979207992554,-1.6603999137878418,1.4941633939743042,1.3928923606872559,1.635427474975586,0.0010965093970298767,-18.42172622680664,-0.32151977655876757,-95.13390350341797,-1.660399846409212,87.12088012695312,1.5205462054506276,79.80684661865234,1.3928922391295868,93.70308685302734,1.6354273848675391,0.10965093970298767,0.0010965093970298767,False,False,0.0,0.0,0.0,0.0,0.0,0.0,0.0,0.0,1.511627197265625,1.511627197265625,0.0,0.0,0.0,0.0,0.0,0.0
5,207,7.88859482598491,7.9002994479378685,False,-18.241758346557617,-0.318378746509552,-97.010986328125,-1.693161129951477,90.76923370361328,1.5842219591140747,79.95604705810547,1.3954962491989136,93.53845977783203,1.632554054260254,0.6868131868131868,0.006868131868131868,-0.31348663568496704,-1.7252132892608643,1.5682134628295898,1.388788104057312,1.632733702659607,0.0015754848718643188,-17.96146011352539,-0.31348661744665257,-98.8474349975586,-1.7252131978584706,89.85200500488281,1.5682133268536287,79.57169342041016,1.3887880415736658,93.54874420166016,1.632733597424924,0.15754848718643188,0.0015754848718643188,False,False,0.0,0.0,0.0,0.0,0.0,0.0,0.0,0.0,0.0,0.0,0.0,0.0,0.0,0.0,0.0,0.0
5,208,7.922166937962174,7.932543243980035,False,-18.241758346557617,-0.318378746509552,-96.21977996826172,-1.6793519258499146,90.5934066772461,1.5811532735824585,80.21977996826172,1.400099277496338,93.53845977783203,1.632554054260254,0.6868131868131868,0.006868131868131868,-0.3162047266960144,-1.7251496315002441,1.5709636211395264,1.387421727180481,1.631657361984253,0.0010811388492584229,-18.11719512939453,-0.31620470623421465,-98.84378814697266,-1.7251495483084176,90.00958251953125,1.5709635733113536,79.493408203125,1.3874217067764005,93.48707580566406,1.6316572808703684,0.10811388492584229,0.0010811388492584229,False,False,0.0,0.0,0.0,0.0,0.0,0.0,0.0,0.0,0.0,0.0,0.0,0.0,0.0,0.0,0.0,0.0
5,209,7.955511375912465,7.969970370992087,False,-18.241758346557617,-0.318378746509552,-96.21977996826172,-1.6793519258499146,90.5934066772461,1.5811532735824585,80.21977996826172,1.400099277496338,93.53845977783203,1.632554054260254,0.6868131868131868,0.006868131868131868,-0.3160652220249176,-1.7185461521148682,1.572487235069275,1.388727068901062,1.633617877960205,0.001375839114189148,-18.109201431274414,-0.3160651898826082,-98.46543884277344,-1.7185461072275117,90.09687805175781,1.572487167770988,79.56819915771484,1.3887270551847029,93.59940338134766,1.6336177669068301,0.1375839114189148,0.001375839114189148,False,False,0.0,0.0,0.0,0.0,0.0,0.0,0.0,0.0,0.0,0.0,0.0,0.0,0.0,0.0,0.0,0.0
5,210,7.988618973991834,8.155102267977782,False,-18.241758346557617,-0.318378746509552,-97.010986328125,-1.693161129951477,90.76923370361328,1.5842219591140747,80.04395294189453,1.3970304727554321,93.53845977783203,1.632554054260254,0.6868131868131868,0.006868131868131868,-0.31779056787490845,-1.7378696203231812,1.590041995048523,1.391918420791626,1.6356841325759888,0.001987643539905548,-18.208057403564453,-0.3177905520843296,-99.57258605957031,-1.7378694714649086,91.10269165039062,1.5900419267284631,79.75104522705078,1.3919183211189448,93.71778869628906,1.6356839804385683,0.1987643539905548,0.001987643539905548,False,False,0.0,0.0,0.0,0.0,0.0,0.0,0.0,0.0,0.0,0.0,0.0,0.0,0.0,0.0,0.0,0.0
5,211,8.156580609967932,8.169104791013524,False,-18.241758346557617,-0.318378746509552,-97.71428680419922,-1.7054359912872314,90.76923370361328,1.5842219591140747,79.86813354492188,1.3939619064331055,93.53845977783203,1.632554054260254,0.6868131868131868,0.006868131868131868,-0.3157622516155243,-1.747442364692688,1.597044825553894,1.3927065134048462,1.6351858377456665,0.0018331855535507202,-18.091842651367188,-0.31576222201909804,-100.00004577636719,-1.7453300509426566,91.50392150878906,1.5970447088148265,79.79620361328125,1.3927064836435539,93.68923950195312,1.6351857029986143,0.18331855535507202,0.0018331855535507202,False,False,0.0,0.0,0.0,0.0,0.1210174560546875,0.0,0.1210174560546875,0.0,0.0,0.0,0.0,0.0,0.0,0.0,0.0,0.0
5,212,8.190097780898213,8.203259564936161,False,-18.241758346557617,-0.318378746509552,-97.71428680419922,-1.7054359912872314,90.76923370361328,1.5842219591140747,79.86813354492188,1.3939619064331055,93.53845977783203,1.632554054260254,0.6868131868131868,0.006868131868131868,-0.3241097927093506,-1.7205208539962769,1.579744577407837,1.3950368165969849,1.6374139785766602,0.0017216354608535767,-18.57012176513672,-0.32410976729789687,-98.57857513427734,-1.720520708017751,90.5126953125,1.579744548057563,79.92971801757812,1.3950367495973732,93.81690216064453,1.6374138367246291,0.17216354608535767,0.0017216354608535767,False,False,0.0,0.0,0.0,0.0,0.0,0.0,0.0,0.0,0.0,0.0,0.0,0.0,0.0,0.0,0.0,0.0
5,213,8.223398322006688,8.235833493992686,False,-18.241758346557617,-0.318378746509552,-98.15384674072266,-1.7131078243255615,91.12088012695312,1.5903593301773071,79.51648712158203,1.387824535369873,93.53845977783203,1.632554054260254,0.6868131868131868,0.006868131868131868,-0.334902822971344,-1.6670488119125366,1.488472819328308,1.400246262550354,1.6481050252914429,-6.817281246185303e-05,-19.18851661682129,-0.3349027935371746,-95.51485443115234,-1.667048694386704,87.12088012695312,1.5205462054506276,80.22819519042969,1.4002461590056772,94.42945861816406,1.6481049637626979,0.0,0.0,True,False,0.006817281246185303,0.0,0.0,0.0,0.0,0.0,0.0,0.0,1.837677001953125,1.837677001953125,0.0,0.0,0.0,0.0,0.0,0.0
5,214,8.257043364923447,8.267741997959092,False,-18.329669952392578,-0.3199130892753601,-98.15384674072266,-1.7131078243255615,91.20879364013672,1.5918937921524048,79.51648712158203,1.387824535369873,93.53845977783203,1.632554054260254,0.6868131868131868,0.006868131868131868,-0.32448506355285645,-1.7179652452468872,1.5310410261154175,1.3981990814208984,1.640877604484558,0.0009641349315643311,-18.591623306274414,-0.32448503998500267,-98.4321517944336,-1.7179651386357109,87.72218322753906,1.5310409243583027,80.11090087890625,1.3981989870757332,94.0153579711914,1.6408775440383863,0.0964134931564331,0.0009641349315643311,False,False,0.0,0.0,0.0,0.0,0.0,0.0,0.0,0.0,0.0,0.0,0.0,0.0,0.0,0.0,0.0,0.0
5,215,8.290511484956369,8.30187105294317,False,-18.329669952392578,-0.3199130892753601,-97.80220031738281,-1.706970453262329,91.03296661376953,1.588824987411499,79.51648712158203,1.387824535369873,93.53845977783203,1.632554054260254,0.6868131868131868,0.006868131868131868,-0.3268619775772095,-1.7164772748947144,1.5619345903396606,1.3937275409698486,1.6372617483139038,0.000352613627910614,-18.72780990600586,-0.326861944547412,-98.3469009399414,-1.7164772305346836,89.49225616455078,1.5619345251096035,79.85469818115234,1.3937274064474356,93.80818176269531,1.637261637068331,0.0352613627910614,0.000352613627910614,False,False,0.0,0.0,0.0,0.0,0.0,0.0,0.0,0.0,0.0,0.0,0.0,0.0,0.0,0.0,0.0,0.0
5,216,8.323519778903574,8.33549663098529,False,-18.41758155822754,-0.3214474320411682,-96.74725341796875,-1.6885581016540527,90.5054931640625,1.5796188116073608,80.13186645507812,1.3985649347305298,93.53845977783203,1.632554054260254,0.6868131868131868,0.006868131868131868,-0.31842610239982605,-1.7253549098968506,1.5687906742095947,1.3917526006698608,1.6368809938430786,0.002125672996044159,-18.244470596313477,-0.3184260821889634,-98.85555267333984,-1.7253548780284627,89.88507843017578,1.5687905670199034,79.74154663085938,1.3917525393410874,93.78636932373047,1.6368809381905043,0.2125672996044159,0.002125672996044159,False,False,0.0,0.0,0.0,0.0,0.0,0.0,0.0,0.0,0.0,0.0,0.0,0.0,0.0,0.0,0.0,0.0
5,217,8.35745050793048,8.367993764928542,False,-18.41758155822754,-0.3214474320411682,-96.83516693115234,-1.6900924444198608,90.5054931640625,1.5796188116073608,80.13186645507812,1.3985649347305298,93.53845977783203,1.632554054260254,0.6868131868131868,0.006868131868131868,-0.3174372911453247,-1.7388715744018555,1.5712268352508545,1.3936655521392822,1.6390421390533447,0.0014308467507362366,-18.187816619873047,-0.3174372837657306,-99.62999725341797,-1.738871485825051,90.024658203125,1.5712266936270534,79.85115051269531,1.3936654879520913,93.91019439697266,1.6390420934151035,0.14308467507362366,0.0014308467507362366,False,False,0.0,0.0,0.0,0.0,0.0,0.0,0.0,0.0,0.0,0.0,0.0,0.0,0.0,0.0,0.0,0.0
5,218,8.390764881973155,8.401196041959338,False,-18.329669952392578,-0.3199130892753601,-97.53845977783203,-1.7023673057556152,90.5934066772461,1.5811532735824585,79.95604705810547,1.3954962491989136,93.53845977783203,1.632554054260254,0.6868131868131868,0.006868131868131868,-0.3203072249889374,-1.7242631912231445,1.5614508390426636,1.3939850330352783,1.6348069906234741,0.000138111412525177,-18.352251052856445,-0.3203072060249409,-98.79299926757812,-1.7242631151395849,89.46453857421875,1.5614507618975906,79.86945343017578,1.3939849341248463,93.66753387451172,1.6348068683335506,0.0138111412525177,0.000138111412525177,False,False,0.0,0.0,0.0,0.0,0.0,0.0,0.0,0.0,0.0,0.0,0.0,0.0,0.0,0.0,0.0,0.0
5,219,8.42430388298817,8.434786128927954,False,-18.41758155822754,-0.3214474320411682,-98.06593322753906,-1.7115733623504639,90.76923370361328,1.5842219591140747,79.86813354492188,1.3939619064331055,93.53845977783203,1.632554054260254,0.6868131868131868,0.006868131868131868,-0.31728070974349976,-1.7149522304534912,1.5561076402664185,1.394145131111145,1.6341191530227661,0.0008169263601303101,-18.178844451904297,-0.31728068989363395,-98.259521484375,-1.7149521713364497,89.15839385986328,1.55610752864451,79.87862396240234,1.39414499010636,93.62812805175781,1.6341191069820378,0.081692636013031,0.0008169263601303101,False,False,0.0,0.0,0.0,0.0,0.0,0.0,0.0,0.0,0.0,0.0,0.0,0.0,0.0,0.0,0.0,0.0
5,220,8.45749643095769,8.468211066909134,False,-18.593406677246094,-0.3245161771774292,-98.24176025390625,-1.7146421670913696,90.76923370361328,1.5842219591140747,79.78022003173828,1.3924275636672974,93.53845977783203,1.632554054260254,0.6868131868131868,0.006868131868131868,-0.32051020860671997,-1.7225050926208496,1.5658937692642212,1.3953479528427124,1.63918936252594,0.000365331768989563,-18.363882064819336,-0.32051020547903214,-98.69226837158203,-1.722505029345969,89.71910095214844,1.5658937135441697,79.94754791259766,1.395347939970749,93.91862487792969,1.6391892330653306,0.0365331768989563,0.000365331768989563,False,False,0.0,0.0,0.0,0.0,0.0,0.0,0.0,0.0,0.0,0.0,0.0,0.0,0.0,0.0,0.0,0.0
5,221,8.490945113939233,8.502721692901105,False,-18.593406677246094,-0.3245161771774292,-98.06593322753906,-1.7115733623504639,90.76923370361328,1.5842219591140747,79.78022003173828,1.3924275636672974,93.53845977783203,1.632554054260254,0.6868131868131868,0.006868131868131868,-0.31727784872055054,-1.7225680351257324,1.5626369714736938,1.3946791887283325,1.640354037284851,-0.0001308247447013855,-18.178680419921875,-0.3172778269954621,-98.69586944580078,-1.722567879947695,89.53250122070312,1.5626369338471118,79.90922546386719,1.3946790870629755,93.98535919189453,1.6403539665680766,0.0,0.0,True,False,0.01308247447013855,0.0,0.0,0.0,0.0,0.0,0.0,0.0,0.0,0.0,0.0,0.0,0.0,0.0,0.0,0.0
5,222,8.524881599005312,8.53536807699129,False,-18.505495071411133,-0.3229818046092987,-98.06593322753906,-1.7115733623504639,90.76923370361328,1.5842219591140747,79.78022003173828,1.3924275636672974,93.53845977783203,1.632554054260254,0.6868131868131868,0.006868131868131868,-0.3220755457878113,-1.707222819328308,1.5601634979248047,1.3955066204071045,1.6398375034332275,0.0006407424807548523,-18.453567504882812,-0.32207551169923987,-97.81665802001953,-1.7072227457466582,89.39077758789062,1.5601633898266463,79.95663452148438,1.3955065312136632,93.95576477050781,1.639837446474656,0.06407424807548523,0.0006407424807548523,False,False,0.0,0.0,0.0,0.0,0.0,0.0,0.0,0.0,0.0,0.0,0.0,0.0,0.0,0.0,0.0,0.0
5,223,8.558214891003445,8.568785397917964,False,-18.505495071411133,-0.3229818046092987,-98.06593322753906,-1.7115733623504639,90.76923370361328,1.5842219591140747,79.78022003173828,1.3924275636672974,93.53845977783203,1.632554054260254,0.6868131868131868,0.006868131868131868,-0.32382598519325256,-1.7151421308517456,1.5716584920883179,1.3935219049453735,1.6401270627975464,0.0010024160146713257,-18.553861618041992,-0.3238259741942353,-98.27040100097656,-1.7151420547221723,90.04939270019531,1.5716583920397553,79.8429183959961,1.3935218104112816,93.97235107421875,1.6401269320851475,0.10024160146713257,0.0010024160146713257,False,False,0.0,0.0,0.0,0.0,0.0,0.0,0.0,0.0,0.0,0.0,0.0,0.0,0.0,0.0,0.0,0.0
5,224,8.591618067002855,8.603375620907173,False,-18.505495071411133,-0.3229818046092987,-98.06593322753906,-1.7115733623504639,90.76923370361328,1.5842219591140747,79.78022003173828,1.3924275636672974,93.53845977783203,1.632554054260254,0.6868131868131868,0.006868131868131868,-0.3156811594963074,-1.7257825136184692,1.573317050933838,1.3908147811889648,1.6355431079864502,0.0012748464941978455,-18.087196350097656,-0.3156811287639051,-98.88005065917969,-1.725782448541475,90.14442443847656,1.5733170087666566,79.68781280517578,1.390814707163216,93.70970916748047,1.6355429660588485,0.12748464941978455,0.0012748464941978455,False,False,0.0,0.0,0.0,0.0,0.0,0.0,0.0,0.0,0.0,0.0,0.0,0.0,0.0,0.0,0.0,0.0
5,225,8.625006882939488,8.638124726014212,False,-18.505495071411133,-0.3229818046092987,-98.06593322753906,-1.7115733623504639,90.76923370361328,1.5842219591140747,79.78022003173828,1.3924275636672974,93.53845977783203,1.632554054260254,0.6868131868131868,0.006868131868131868,-0.3136902451515198,-1.714706540107727,1.5570013523101807,1.3910512924194336,1.6386213302612305,0.002078145742416382,-17.973125457763672,-0.3136902161119891,-98.24544525146484,-1.7147064947258899,89.20960235595703,1.5570012855063406,79.70136260986328,1.391051195868015,93.88607788085938,1.6386211808048166,0.20781457424163818,0.002078145742416382,False,False,0.0,0.0,0.0,0.0,0.0,0.0,0.0,0.0,0.0,0.0,0.0,0.0,0.0,0.0,0.0,0.0
5,226,8.658413031953387,8.671328124939464,False,-18.505495071411133,-0.3229818046092987,-98.06593322753906,-1.7115733623504639,90.76923370361328,1.5842219591140747,79.78022003173828,1.3924275636672974,93.53845977783203,1.632554054260254,0.6868131868131868,0.006868131868131868,-0.3163735270500183,-1.717240571975708,1.5476269721984863,1.3942155838012695,1.6378759145736694,0.0017206445336341858,-18.126867294311523,-0.31637351735781205,-98.39063262939453,-1.7172404925031004,88.6724853515625,1.5476268253112073,79.8826675415039,1.3942155638752471,93.84336853027344,1.6378757620157034,0.17206445336341858,0.0017206445336341858,False,False,0.0,0.0,0.0,0.0,0.0,0.0,0.0,0.0,0.0,0.0,0.0,0.0,0.0,0.0,0.0,0.0
5,227,8.691961575997993,8.703924809000455,False,-18.505495071411133,-0.3229818046092987,-98.06593322753906,-1.7115733623504639,90.76923370361328,1.5842219591140747,79.78022003173828,1.3924275636672974,93.53845977783203,1.632554054260254,0.6868131868131868,0.006868131868131868,-0.3232904076576233,-1.7113975286483765,1.5372753143310547,1.3983590602874756,1.6421194076538086,0.0004943236708641052,-18.523174285888672,-0.32329037920950676,-98.05584716796875,-1.711397383913412,88.07938385009766,1.5372752513121237,80.12007141113281,1.398359043057247,94.08650970458984,1.6421193760546902,0.04943236708641052,0.0004943236708641052,False,False,0.0,0.0,0.0,0.0,0.0,0.0,0.0,0.0,0.0,0.0,0.0,0.0,0.0,0.0,0.0,0.0
5,228,8.725274480995722,8.73582505097147,False,-18.505495071411133,-0.3229818046092987,-98.06593322753906,-1.7115733623504639,90.76923370361328,1.5842219591140747,79.78022003173828,1.3924275636672974,93.53845977783203,1.632554054260254,0.6868131868131868,0.006868131868131868,-0.32609838247299194,-1.6889840364456177,1.4895607233047485,1.4026075601577759,1.643610954284668,0.0006603077054023743,-18.684059143066406,-0.32609834968385903,-96.77165222167969,-1.688983953863196,86.76923370361328,1.5144088175604853,80.36348724365234,1.4026074507861959,94.17196655273438,1.6436108794231892,0.06603077054023743,0.0006603077054023743,False,False,0.0,0.0,0.0,0.0,0.0,0.0,0.0,0.0,1.4236984252929688,1.4236984252929688,0.0,0.0,0.0,0.0,0.0,0.0
5,229,8.758565678959712,8.769002568908036,False,-18.505495071411133,-0.3229818046092987,-98.06593322753906,-1.7115733623504639,90.76923370361328,1.5842219591140747,79.78022003173828,1.3924275636672974,93.53845977783203,1.632554054260254,0.6868131868131868,0.006868131868131868,-0.3162531852722168,-1.6927822828292847,1.502097487449646,1.401361107826233,1.6390559673309326,0.0013610273599624634,-18.119972229003906,-0.3162531757660541,-96.98927307128906,-1.692782154209867,86.76923370361328,1.5144088175604853,80.29207611083984,1.4013610913960388,93.9109878540039,1.6390559418527721,0.13610273599624634,0.0013610273599624634,False,False,0.0,0.0,0.0,0.0,0.0,0.0,0.0,0.0,0.7053909301757812,0.7053909301757812,0.0,0.0,0.0,0.0,0.0,0.0
5,230,8.791984178940766,8.802525777951814,False,-18.505495071411133,-0.3229818046092987,-97.97801971435547,-1.7100390195846558,90.5054931640625,1.5796188116073608,79.95604705810547,1.3954962491989136,93.53845977783203,1.632554054260254,0.6868131868131868,0.006868131868131868,-0.34070226550102234,-1.5829452276229858,1.360016107559204,1.4225751161575317,1.6499438285827637,-0.00014794617891311646,-19.520801544189453,-0.3407022595744993,-93.97801971435547,-1.6402258685196438,86.5054931640625,1.509805676774338,81.5075454711914,1.422575033691283,94.5348129272461,1.649943743337343,0.0,0.0,True,False,0.014794617891311646,0.0,0.0,0.0,0.0,3.2819442749023438,3.2819442749023438,0.0,8.582313537597656,8.582313537597656,0.0,0.0,0.0,0.0,0.0,0.0
5,231,8.825718582957052,8.83679992496036,False,-18.505495071411133,-0.3229818046092987,-97.71428680419922,-1.7054359912872314,90.32967376708984,1.5765502452850342,80.04395294189453,1.3970304727554321,93.53845977783203,1.632554054260254,0.6868131868131868,0.006868131868131868,-0.3439510762691498,-1.4628357887268066,1.2502671480178833,1.4444938898086548,1.6477235555648804,-0.0008648857474327087,-19.70694351196289,-0.343951049788287,-93.71428680419922,-1.6356228608915508,86.32967376708984,1.5067370494082941,82.76339721679688,1.4444937815690166,94.40760040283203,1.6477234659365438,0.0,0.0,True,False,0.08648857474327087,0.0,0.0,0.0,0.0,9.899971008300781,9.899971008300781,0.0,14.694648742675781,14.694648742675781,0.0,0.0,0.0,0.0,0.0,0.0
5,232,8.858929881942458,8.869227157905698,False,-18.505495071411133,-0.3229818046092987,-97.27472686767578,-1.697764277458191,90.24176025390625,1.5750157833099365,80.30769348144531,1.401633620262146,93.53845977783203,1.632554054260254,0.6868131868131868,0.006868131868131868,-0.3589577078819275,-1.3232277631759644,1.1687997579574585,1.4656651020050049,1.646133542060852,0.0009634718298912048,-20.566761016845703,-0.35895769621477447,-93.27472686767578,-1.6279510927393597,86.24176025390625,1.505202669146245,83.9764175415039,1.4656649801287651,94.31649780273438,1.646133425607712,0.09634718298912048,0.0009634718298912048,False,False,0.0,0.0,0.0,0.0,0.0,17.459365844726562,17.459365844726562,0.0,19.27446746826172,19.27446746826172,0.0,0.0,0.0,0.0,0.0,0.0
5,233,8.892589222989045,8.903104964992963,False,-18.85714340209961,-0.3291192352771759,-96.3956069946289,-1.6824207305908203,90.06593322753906,1.5719470977783203,80.74725341796875,1.409305453300476,93.53845977783203,1.632554054260254,0.6868131868131868,0.006868131868131868,-0.3687291741371155,-1.1631896495819092,1.0216705799102783,1.490535855293274,1.64931058883667,0.0009807944297790527,-21.126625061035156,-0.36872916714941145,-92.3956069946289,-1.612607556434977,86.06593322753906,1.5021339086221466,84.74725341796875,1.4791186041655728,94.49852752685547,1.6493104436301222,0.09807944297790527,0.0009807944297790527,False,False,0.0,0.0,0.0,0.0,0.0,25.749755859375,25.749755859375,0.0,27.528522491455078,27.528522491455078,0.0,0.6541519165039062,0.6541519165039062,0.0,0.0,0.0
5,234,8.925858018919826,8.93649525695946,False,-19.560440063476562,-0.3413940668106079,-95.07691955566406,-1.65940523147583,89.71428680419922,1.565809726715088,81.62637329101562,1.4246490001678467,93.53845977783203,1.632554054260254,0.6868131868131868,0.006868131868131868,-0.3684670925140381,-1.039501428604126,0.943058967590332,1.483901023864746,1.6389967203140259,0.0018418803811073303,-21.111608505249023,-0.36846707880863405,-91.07691955566406,-1.5895921188203488,85.71428680419922,1.4959965207320045,85.0212631225586,1.4839009756930825,93.9075927734375,1.6389966865185177,0.18418803811073303,0.0018418803811073303,False,False,0.0,0.0,0.0,0.0,0.0,31.517879486083984,31.517879486083984,0.0,31.680992126464844,31.680992126464844,0.0,0.0,0.0,0.0,0.0,0.0
5,235,8.959248589002527,8.969602797995321,False,-20.263736724853516,-0.3536689281463623,-93.84615325927734,-1.637924313545227,89.36264038085938,1.559672236442566,82.5934066772461,1.4415268898010254,93.53845977783203,1.632554054260254,0.6868131868131868,0.006868131868131868,-0.37605634331703186,-0.962209939956665,0.8791483640670776,1.4545097351074219,1.6335169076919556,0.002328328788280487,-21.54644012451172,-0.37605632225654645,-89.84615325927734,-1.5681111946258242,85.36264038085938,1.4898591328418624,83.33726501464844,1.4545096641126956,93.59362030029297,1.6335168331015162,0.2328328788280487,0.002328328788280487,False,False,0.0,0.0,0.0,0.0,0.0,34.7155876159668,34.7155876159668,0.0,34.991153717041016,34.991153717041016,0.0,0.0,0.0,0.0,0.0,0.0
5,236,8.992856472963467,9.00684648391325,False,-20.791208267211914,-0.3628750443458557,-93.31867980957031,-1.6287182569503784,88.92308044433594,1.5520005226135254,83.12088012695312,1.4507330656051636,93.53845977783203,1.632554054260254,0.6868131868131868,0.006868131868131868,-0.3859251141548157,-0.868584394454956,0.810969352722168,1.4633146524429321,1.6355072259902954,0.0025746971368789673,-22.111879348754883,-0.3859250984395122,-89.31867980957031,-1.5589050462115839,84.92308044433594,1.4821873646896713,83.84175109863281,1.4633146073087155,93.70765686035156,1.6355071465421869,0.25746971368789673,0.0025746971368789673,False,False,0.0,0.0,0.0,0.0,0.0,39.55246353149414,39.55246353149414,0.0,38.45796203613281,38.45796203613281,0.0,0.0,0.0,0.0,0.0,0.0
5,237,9.026103112963028,9.038793060928583,False,-20.96703338623047,-0.3659437596797943,-92.70330047607422,-1.6179778575897217,88.65933990478516,1.5473973751068115,83.38461303710938,1.4553359746932983,93.53845977783203,1.632554054260254,0.6868131868131868,0.006868131868131868,-0.40183502435684204,-0.802475094795227,0.7621399760246277,1.4462953805923462,1.6326396465301514,0.0017594173550605774,-23.023448944091797,-0.40183498923921374,-88.70330047607422,-1.5481646506933486,84.65933990478516,1.4775842239035237,82.86661529541016,1.4462952768884008,93.5433578491211,1.632639587838444,0.17594173550605774,0.0017594173550605774,False,False,0.0,0.0,0.0,0.0,0.0,42.72486877441406,42.72486877441406,0.0,40.991939544677734,40.991939544677734,0.0,0.0,0.0,0.0,0.0,0.0
5,238,9.05978148500435,9.070378834963776,False,-21.05494499206543,-0.3674781024456024,-91.56044006347656,-1.5980311632156372,88.48351287841797,1.5443285703659058,83.12088012695312,1.4507330656051636,93.97801971435547,1.640225887298584,0.6868131868131868,0.006868131868131868,-0.4227328300476074,-0.7242996096611023,0.7099429965019226,1.4433567523956299,1.6212551593780518,0.001796238124370575,-24.220806121826172,-0.42273281431306553,-87.56044006347656,-1.5282179736028187,84.48351287841797,1.4745154633794253,82.6982421875,1.4433566117835528,92.89107513427734,1.6212551068105734,0.1796238124370575,0.001796238124370575,False,False,0.0,0.0,0.0,0.0,0.0,46.06113052368164,46.06113052368164,0.0,43.80677795410156,43.80677795410156,0.0,0.0,0.0,0.0,0.0,0.0
5,239,9.093020971980877,9.104963285964914,False,-21.758241653442383,-0.3797529637813568,-90.85713958740234,-1.5857561826705933,88.30769348144531,1.541260004043579,83.12088012695312,1.4507330656051636,93.97801971435547,1.640225887298584,0.6868131868131868,0.006868131868131868,-0.4334105849266052,-0.6478960514068604,0.643779993057251,1.4409385919570923,1.625478744506836,0.0014332681894302368,-24.832595825195312,-0.4334105589666565,-86.85713958740234,-1.51594306466448,84.30769348144531,1.4714468360133817,82.5596923828125,1.4409384615137608,93.13306427001953,1.6254786139833302,0.14332681894302368,0.0014332681894302368,False,False,0.0,0.0,0.0,0.0,0.0,49.73543167114258,49.73543167114258,0.0,47.421817779541016,47.421817779541016,0.0,0.0,0.0,0.0,0.0,0.0
5,240,9.126400177949108,9.288352216943167,False,-22.989011764526367,-0.4012339413166046,-90.06593322753906,-1.5719470977783203,88.04395294189453,1.5366568565368652,82.85713958740234,1.4461299180984497,93.89010620117188,1.6386914253234863,0.6868131868131868,0.006868131868131868,-0.38819199800491333,-1.6538524627685547,1.536685824394226,1.427986741065979,1.6452670097351074,0.004580147564411163,-22.241762161254883,-0.3881919811593877,-94.06593322753906,-1.641760248781693,88.04560852050781,1.5366857606048347,81.81761169433594,1.4279867101843786,94.26685333251953,1.645266966147055,0.45801475644111633,0.004580147564411163,False,False,0.0,0.0,0.0,0.0,0.0,0.6928253173828125,0.6928253173828125,0.0,0.0,0.0,0.0,0.0,0.0,0.0,0.0,0.0
5,241,9.289804940926842,9.305959987919778,False,-24.043956756591797,-0.4196462035179138,-88.30769348144531,-1.541260004043579,87.42857360839844,1.5259164571762085,82.68132019042969,1.4430612325668335,93.71428680419922,1.6356228590011597,0.6868131868131868,0.006868131868131868,-0.380473256111145,-1.6717052459716797,1.5574347972869873,1.4260085821151733,1.637890100479126,0.005009748041629791,-21.799510955810547,-0.3804732415034701,-92.30769348144531,-1.611073176172928,89.23443603515625,1.557434714973751,81.70426940917969,1.4260085141266676,93.84418487548828,1.6378900099275353,0.5009748041629791,0.005009748041629791,False,False,0.0,0.0,0.0,0.0,0.0,3.4739532470703125,3.4739532470703125,0.0,0.0,0.0,0.0,0.0,0.0,0.0,0.0,0.0
5,242,9.323283559991978,9.335348533000797,False,-24.571428298950195,-0.4288523197174072,-88.21977996826172,-1.539725661277771,87.42857360839844,1.5259164571762085,82.68132019042969,1.4430612325668335,93.71428680419922,1.6356228590011597,0.6868131868131868,0.006868131868131868,-0.3814895749092102,-1.6700116395950317,1.550997018814087,1.4200208187103271,1.6380151510238647,0.004733331501483917,-21.857742309570312,-0.3814895703544716,-92.21977996826172,-1.609538795910879,88.8655776977539,1.550996922512648,81.36119842529297,1.420020795889788,93.85134887695312,1.6380150453407145,0.4733331501483917,0.004733331501483917,False,False,0.0,0.0,0.0,0.0,0.0,3.4648361206054688,3.4648361206054688,0.0,0.0,0.0,0.0,0.0,0.0,0.0,0.0,0.0
5,243,9.357215375988744,9.370673019904643,False,-24.043956756591797,-0.4196462035179138,-88.3956069946289,-1.5427943468093872,87.51648712158203,1.5274507999420166,82.4175796508789,1.4384580850601196,93.80220031738281,1.6371572017669678,0.6868131868131868,0.006868131868131868,-0.3832072615623474,-1.6519397497177124,1.5374910831451416,1.4203532934188843,1.6347705125808716,0.003350168466567993,-21.956157684326172,-0.3832072426785455,-92.3956069946289,-1.612607556434977,88.09174346923828,1.5374909673604202,81.38024139404297,1.4203531583938298,93.66544342041016,1.6347703830266165,0.3350168466567993,0.003350168466567993,False,False,0.0,0.0,0.0,0.0,0.0,2.2535629272460938,2.2535629272460938,0.0,0.0,0.0,0.0,0.0,0.0,0.0,0.0,0.0
5,244,9.390196614898741,9.403267465997487,False,-22.549449920654297,-0.3935621380805969,-90.06593322753906,-1.5719470977783203,88.48351287841797,1.5443285703659058,82.4175796508789,1.4384580850601196,93.80220031738281,1.6371572017669678,0.6868131868131868,0.006868131868131868,-0.37895095348358154,-1.6620404720306396,1.547595739364624,1.421476125717163,1.636091947555542,0.0047286152839660645,-21.712289810180664,-0.37895094533486723,-94.06593322753906,-1.641760248781693,88.67070007324219,1.5475956663264534,81.444580078125,1.4214760802674618,93.74115753173828,1.6360918435595138,0.47286152839660645,0.0047286152839660645,False,False,0.0,0.0,0.0,0.0,0.0,1.1619644165039062,1.1619644165039062,0.0,0.0,0.0,0.0,0.0,0.0,0.0,0.0,0.0
5,245,9.423759128898382,9.435574025963433,False,-22.461538314819336,-0.3920277953147888,-91.03296661376953,-1.588824987411499,89.0988998413086,1.5550692081451416,82.24176025390625,1.435389518737793,93.27472686767578,1.6279510259628296,0.6868131868131868,0.006868131868131868,-0.38085848093032837,-1.6616984605789185,1.5332473516464233,1.4192830324172974,1.6344432830810547,0.005150437355041504,-21.821582794189453,-0.3808584677551501,-95.03296661376953,-1.6586381653481246,87.84859466552734,1.5332472201633789,81.31892395019531,1.4192829671097815,93.64669799804688,1.6344432136867002,0.5150437355041504,0.005150437355041504,False,False,0.0,0.0,0.0,0.0,0.0,0.1753387451171875,0.1753387451171875,0.0,0.0,0.0,0.0,0.0,0.0,0.0,0.0,0.0
5,246,9.456955003901385,9.468450634973124,False,-22.901098251342773,-0.3996995687484741,-91.29669952392578,-1.5934280157089233,89.0988998413086,1.5550692081451416,82.15384674072266,1.4338550567626953,93.80220031738281,1.6371572017669678,0.6868131868131868,0.006868131868131868,-0.37890952825546265,-1.6684194803237915,1.543300986289978,1.4177335500717163,1.6334072351455688,0.004816718399524689,-21.709915161132812,-0.37890949989040285,-95.29669952392578,-1.6632411729762175,88.42462921142578,1.543300919594537,81.23014068603516,1.4177334068295189,93.58733367919922,1.6334071108646049,0.48167183995246887,0.004816718399524689,False,False,0.0,0.0,0.0,0.0,0.0,0.29669189453125,0.29669189453125,0.0,0.0,0.0,0.0,0.0,0.0,0.0,0.0,0.0
5,247,9.490492148906924,9.501949416007847,False,-22.19780158996582,-0.3874247074127197,-92.87911987304688,-1.6210464239120483,89.0988998413086,1.5550692081451416,82.15384674072266,1.4338550567626953,93.36264038085938,1.6294854879379272,0.6868131868131868,0.006868131868131868,-0.38118642568588257,-1.6690109968185425,1.541494607925415,1.4134931564331055,1.6324431896209717,0.0037873759865760803,-21.84037208557129,-0.3811864027538797,-95.62728118896484,-1.6690109114778744,88.32112884521484,1.5414944974271363,80.98719024658203,1.4134931217418947,93.53209686279297,1.6324430465499964,0.37873759865760803,0.0037873759865760803,False,False,0.0,0.0,0.0,0.0,0.0,0.0,0.0,0.0,0.0,0.0,0.0,0.0,0.0,0.0,0.0,0.0
5,248,9.523757963906974,9.534958416945301,False,-21.670330047607422,-0.3782186210155487,-94.10989379882812,-1.642527461051941,89.0988998413086,1.5550692081451416,82.15384674072266,1.4338550567626953,93.18681335449219,1.6264166831970215,0.6868131868131868,0.006868131868131868,-0.37967199087142944,-1.6512730121612549,1.5417098999023438,1.4160617589950562,1.637133240699768,0.003057122230529785,-21.75360107421875,-0.37967196291049254,-94.61096954345703,-1.6512729270374016,88.33346557617188,1.5417098140012693,81.13436126708984,1.4160617406132763,93.80081939697266,1.637133139545735,0.3057122230529785,0.003057122230529785,False,False,0.0,0.0,0.0,0.0,0.0,0.0,0.0,0.0,0.0,0.0,0.0,0.0,0.0,0.0,0.0,0.0
5,249,9.557753856992349,9.56944220198784,False,-22.373626708984375,-0.3904934525489807,-94.9011001586914,-1.6563366651535034,89.0988998413086,1.5550692081451416,81.97801971435547,1.430786371231079,93.45054626464844,1.6310197114944458,0.6868131868131868,0.006868131868131868,-0.37734049558639526,-1.676552653312683,1.5414961576461792,1.416050910949707,1.6350033283233643,0.004138752818107605,-21.62001609802246,-0.3773404652446691,-96.05938720703125,-1.676552584210815,88.32122039794922,1.5414960953237904,81.13373565673828,1.416050821652807,93.67878723144531,1.635003276463944,0.4138752818107605,0.004138752818107605,False,False,0.0,0.0,0.0,0.0,0.0,0.0,0.0,0.0,0.0,0.0,0.0,0.0,0.0,0.0,0.0,0.0
5,250,9.591749179991893,9.602767876000144,False,-22.285715103149414,-0.3889591097831726,-94.81318664550781,-1.6548023223876953,89.0988998413086,1.5550692081451416,81.80220031738281,1.427717685699463,93.62637329101562,1.6340885162353516,0.6868131868131868,0.006868131868131868,-0.3786805272102356,-1.665631890296936,1.5521304607391357,1.4165728092193604,1.6412229537963867,0.0027134492993354797,-21.696794509887695,-0.37868050132616965,-95.43367004394531,-1.6656317595287273,88.9305191040039,1.5521303638725856,81.16363525390625,1.4165726680684079,94.03514099121094,1.6412228228737151,0.271344929933548,0.0027134492993354797,False,False,0.0,0.0,0.0,0.0,0.0,0.0,0.0,0.0,0.0,0.0,0.0,0.0,0.0,0.0,0.0,0.0
5,251,9.625707388971932,9.638806980918162,False,-21.58241844177246,-0.3766842484474182,-94.54945373535156,-1.650199294090271,89.0988998413086,1.5550692081451416,81.80220031738281,1.427717685699463,93.18681335449219,1.6264166831970215,0.6868131868131868,0.006868131868131868,-0.37393099069595337,-1.6825710535049438,1.543617606163025,1.416439175605774,1.629783272743225,0.003905877470970154,-21.424667358398438,-0.37393098654860873,-96.40421295166016,-1.6825709288002308,88.4427719116211,1.5436175694481475,81.1559829711914,1.4164391105397405,93.37969970703125,1.6297832144112796,0.3905877470970154,0.003905877470970154,False,False,0.0,0.0,0.0,0.0,0.0,0.0,0.0,0.0,0.0,0.0,0.0,0.0,0.0,0.0,0.0,0.0
5,252,9.658976819948293,9.67184319300577,False,-21.494504928588867,-0.3751498758792877,-94.9011001586914,-1.6563366651535034,89.18681335449219,1.5566035509109497,81.80220031738281,1.427717685699463,93.27472686767578,1.6279510259628296,0.6868131868131868,0.006868131868131868,-0.36727482080459595,-1.674965739250183,1.5589927434921265,1.4105104207992554,1.6328493356704712,0.0034577324986457825,-21.043296813964844,-0.3672748148781192,-95.96846008300781,-1.674965606517237,89.32369995117188,1.5589926642114473,80.81629180908203,1.410510381321006,93.55537414550781,1.632849311774288,0.34577324986457825,0.0034577324986457825,False,False,0.0,0.0,0.0,0.0,0.0,0.0,0.0,0.0,0.0,0.0,0.0,0.0,0.0,0.0,0.0,0.0
5,253,9.69289128598757,9.70353931596037,False,-21.934066772460938,-0.3828216791152954,-95.25274658203125,-1.6624740362167358,89.27472686767578,1.5581378936767578,81.71428680419922,1.4261833429336548,93.36264038085938,1.6294854879379272,0.6868131868131868,0.006868131868131868,-0.3670406937599182,-1.6628433465957642,1.55587637424469,1.4118192195892334,1.6386438608169556,0.0028868764638900757,-21.029882431030273,-0.3670406897287876,-95.2739028930664,-1.6628432967093598,89.1451416015625,1.5558762331038367,80.89128112792969,1.4118191918387255,93.88737487792969,1.6386438176740823,0.28868764638900757,0.0028868764638900757,False,False,0.0,0.0,0.0,0.0,0.0,0.0,0.0,0.0,0.0,0.0,0.0,0.0,0.0,0.0,0.0,0.0
5,254,9.72615315997973,9.736628454993479,False,-21.846153259277344,-0.3812873065471649,-95.42857360839844,-1.6655428409576416,89.45054626464844,1.561206579208374,81.62637329101562,1.4246490001678467,93.62637329101562,1.6340885162353516,0.6868131868131868,0.006868131868131868,-0.3771056532859802,-1.6460556983947754,1.5295194387435913,1.419924020767212,1.6409447193145752,0.003135696053504944,-21.6065616607666,-0.37710564101555133,-94.31204223632812,-1.646055661303882,87.63500213623047,1.529519327269486,81.35565185546875,1.4199239899841636,94.01920318603516,1.6409446556978562,0.3135696053504944,0.003135696053504944,False,False,0.0,0.0,0.0,0.0,0.0,0.0,0.0,0.0,0.0,0.0,0.0,0.0,0.0,0.0,0.0,0.0
5,255,9.759800700936466,9.770021430915222,False,-21.318681716918945,-0.3720811903476715,-95.42857360839844,-1.6655428409576416,89.53845977783203,1.5627409219741821,81.45054626464844,1.421580195426941,93.45054626464844,1.6310197114944458,0.6868131868131868,0.006868131868131868,-0.3797069191932678,-1.6636022329330444,1.5287607908248901,1.4208210706710815,1.641233205795288,0.004602812230587006,-21.75560188293457,-0.3797068836102862,-95.3173828125,-1.6636021644619778,87.59153747558594,1.528760725832977,81.40704345703125,1.4208209426393024,94.03572845458984,1.6412330760439118,0.46028122305870056,0.004602812230587006,False,False,0.0,0.0,0.0,0.0,0.0,0.0,0.0,0.0,0.0,0.0,0.0,0.0,0.0,0.0,0.0,0.0
5,256,9.793499007937498,9.80445911490824,False,-21.05494499206543,-0.3674781024456024,-95.25274658203125,-1.6624740362167358,89.53845977783203,1.5627409219741821,81.45054626464844,1.421580195426941,93.36264038085938,1.6294854879379272,0.6868131868131868,0.006868131868131868,-0.38000935316085815,-1.6576606035232544,1.4786045551300049,1.4279396533966064,1.6428619623184204,0.002520427107810974,-21.772930145263672,-0.38000931884157835,-94.9769515991211,-1.6576605189119566,85.53845977783203,1.4929277602079063,81.81491088867188,1.427939572233084,94.1290512084961,1.6428618653666043,0.2520427107810974,0.002520427107810974,False,False,0.0,0.0,0.0,0.0,0.0,0.0,0.0,0.0,0.8206634521484375,0.8206634521484375,0.0,0.0,0.0,0.0,0.0,0.0
5,257,9.82695676095318,9.837223387905397,False,-21.58241844177246,-0.3766842484474182,-95.16483306884766,-1.6609396934509277,89.53845977783203,1.5627409219741821,81.45054626464844,1.421580195426941,93.36264038085938,1.6294854879379272,0.6868131868131868,0.006868131868131868,-0.38602763414382935,-1.632606863975525,1.4541789293289185,1.4303061962127686,1.6407767534255981,0.0021993815898895264,-22.117752075195312,-0.38602759685196664,-93.5414810180664,-1.632606830957036,85.53845977783203,1.4929277602079063,81.95050048828125,1.4303060571777286,94.00957489013672,1.6407766102330723,0.21993815898895264,0.0021993815898895264,False,False,0.0,0.0,0.0,0.0,0.0,0.0,0.0,0.0,2.2201461791992188,2.2201461791992188,0.0,0.0,0.0,0.0,0.0,0.0
5,258,9.860312940902077,9.870546723948792,False,-22.0219783782959,-0.3843560218811035,-95.07691955566406,-1.65940523147583,89.53845977783203,1.5627409219741821,81.45054626464844,1.421580195426941,93.45054626464844,1.6310197114944458,0.6868131868131868,0.006868131868131868,-0.4115508198738098,-1.5569243431091309,1.3727375268936157,1.4381434917449951,1.6458039283752441,0.0027219876646995544,-23.580123901367188,-0.41155080010706807,-91.07691955566406,-1.5895921188203488,85.53845977783203,1.4929277602079063,82.39955139160156,1.4381434739497228,94.29761505126953,1.6458038594228148,0.27219876646995544,0.0027219876646995544,False,False,0.0,0.0,0.0,0.0,0.0,1.8717269897460938,1.8717269897460938,0.0,6.8863983154296875,6.8863983154296875,0.0,0.0,0.0,0.0,0.0,0.0
5,259,9.895327029982582,9.905941914999858,False,-22.0219783782959,-0.3843560218811035,-94.989013671875,-1.6578710079193115,89.27472686767578,1.5581378936767578,81.45054626464844,1.421580195426941,93.53845977783203,1.632554054260254,0.6868131868131868,0.006868131868131868,-0.3901677131652832,-1.5346330404281616,1.3315740823745728,1.4539034366607666,1.6483443975448608,0.002875499427318573,-22.354961395263672,-0.3901676805035766,-90.989013671875,-1.5880578717163543,85.27472686767578,1.4883247525798133,83.30252838134766,1.4539033954905392,94.44316864013672,1.6483442487866413,0.2875499427318573,0.002875499427318573,False,False,0.0,0.0,0.0,0.0,0.0,3.0610198974609375,3.0610198974609375,0.0,8.981155395507812,8.981155395507812,0.0,0.0,0.0,0.0,0.0,0.0
5,260,9.927215880947188,9.937374252011068,False,-21.846153259277344,-0.3812873065471649,-94.37362670898438,-1.6471304893493652,89.18681335449219,1.5566035509109497,81.71428680419922,1.4261833429336548,93.45054626464844,1.6310197114944458,0.6868131868131868,0.006868131868131868,-0.41209685802459717,-1.4152626991271973,1.2369014024734497,1.4731693267822266,1.650902509689331,0.0023794323205947876,-23.61141014099121,-0.4120968479990752,-90.37362670898438,-1.5773173430400647,85.18681335449219,1.4867903723177642,84.40637969970703,1.4731692354483903,94.5897445678711,1.6509024813297715,0.23794323205947876,0.0023794323205947876,False,False,0.0,0.0,0.0,0.0,0.0,9.285049438476562,9.285049438476562,0.0,14.317588806152344,14.317588806152344,0.0,0.0,0.0,0.0,0.0,0.0
5,261,9.960772548918612,9.971202909946442,False,-22.989011764526367,-0.4012339413166046,-92.87911987304688,-1.6210464239120483,89.010986328125,1.553534746170044,82.15384674072266,1.4338550567626953,93.45054626464844,1.6310197114944458,0.6868131868131868,0.006868131868131868,-0.40427541732788086,-1.3752241134643555,1.2104182243347168,1.4626240730285645,1.644008755683899,0.0021445229649543762,-23.16327476501465,-0.40427541019362145,-88.87911987304688,-1.5512332780593925,85.010986328125,1.4837216117936658,83.80218505859375,1.462624049638058,94.19475555419922,1.6440086225319923,0.21445229649543762,0.0021445229649543762,False,False,0.0,0.0,0.0,0.0,0.0,10.084587097167969,10.084587097167969,0.0,15.659133911132812,15.659133911132812,0.0,0.0,0.0,0.0,0.0,0.0
5,262,9.994135910994373,10.004338025930338,False,-23.16483497619629,-0.4043026268482208,-91.56044006347656,-1.5980311632156372,88.83516693115234,1.5504661798477173,82.5054931640625,1.4399925470352173,94.15384674072266,1.6432945728302002,0.6868131868131868,0.006868131868131868,-0.3919174075126648,-1.5046385526657104,1.34080970287323,1.4337749481201172,1.6390305757522583,0.004356257617473602,-22.455211639404297,-0.3919173773397586,-87.56044006347656,-1.5282179736028187,84.83516693115234,1.480652984427622,82.14924621582031,1.4337748244975568,93.90953063964844,1.6390305086643617,0.43562576174736023,0.004356257617473602,False,False,0.0,0.0,0.0,0.0,0.0,1.3510055541992188,1.3510055541992188,0.0,8.012435913085938,8.012435913085938,0.0,0.0,0.0,0.0,0.0,0.0
5,263,10.027774459915236,10.039266105974093,False,-22.63736343383789,-0.3950965106487274,-91.56044006347656,-1.5980311632156372,88.83516693115234,1.5504661798477173,82.76923370361328,1.4445956945419312,93.71428680419922,1.6356228590011597,0.6868131868131868,0.006868131868131868,-0.3804474472999573,-1.5184425115585327,1.3532190322875977,1.433817744255066,1.6385082006454468,0.0033805519342422485,-21.798032760620117,-0.38044744213041,-87.56044006347656,-1.5282179736028187,84.83516693115234,1.480652984427622,82.15170288085938,1.433817701391107,93.87960052490234,1.6385081296165427,0.33805519342422485,0.0033805519342422485,False,False,0.0,0.0,0.0,0.0,0.0,0.5600967407226562,0.5600967407226562,0.0,7.301429748535156,7.301429748535156,0.0,0.0,0.0,0.0,0.0,0.0
5,264,10.061029950971715,10.072380569996312,False,-22.461538314819336,-0.3920277953147888,-90.24176025390625,-1.5750157833099365,88.65933990478516,1.5473973751068115,82.5934066772461,1.4415268898010254,94.06593322753906,1.641760230064392,0.6868131868131868,0.006868131868131868,-0.3842090368270874,-1.5349565744400024,1.3964762687683105,1.4343730211257935,1.6401960849761963,0.0037395134568214417,-22.0135555267334,-0.3842090240120924,-87.94652557373047,-1.5349564369509918,84.65933990478516,1.4775842239035237,82.18351745605469,1.4343729704783885,93.97631072998047,1.640196041115435,0.37395134568214417,0.0037395134568214417,False,False,0.0,0.0,0.0,0.0,0.0,0.0,0.0,0.0,4.647148132324219,4.647148132324219,0.0,0.0,0.0,0.0,0.0,0.0
5,265,10.094471040996723,10.106298202998005,False,-22.813186645507812,-0.398165225982666,-89.53845977783203,-1.5627409219741821,88.48351287841797,1.5443285703659058,82.32967376708984,1.436923861503601,94.06593322753906,1.641760230064392,0.6868131868131868,0.006868131868131868,-0.3816731572151184,-1.49825119972229,1.338392734527588,1.4457743167877197,1.6413947343826294,0.0036742836236953735,-21.86825942993164,-0.38167312873260534,-85.84346771240234,-1.4982511529108655,84.48351287841797,1.4745154633794253,82.83676147460938,1.4457742294211267,94.04498291015625,1.641394596764025,0.36742836236953735,0.0036742836236953735,False,False,0.0,0.0,0.0,0.0,0.0,0.0,0.0,0.0,7.799263000488281,7.799263000488281,0.0,0.0,0.0,0.0,0.0,0.0
5,266,10.127886332920752,10.139160334947519,False,-22.461538314819336,-0.3920277953147888,-89.27472686767578,-1.5581378936767578,88.30769348144531,1.541260004043579,82.32967376708984,1.436923861503601,94.06593322753906,1.641760230064392,0.6868131868131868,0.006868131868131868,-0.36707550287246704,-1.5033289194107056,1.3259462118148804,1.4575954675674438,1.6417218446731567,0.002846337854862213,-21.031875610351562,-0.36707547727052675,-86.1343994140625,-1.5033288690032651,84.30769348144531,1.4714468360133817,83.5140609741211,1.457595335709716,94.06372833251953,1.6417217661039414,0.2846337854862213,0.002846337854862213,False,False,0.0,0.0,0.0,0.0,0.0,0.0,0.0,0.0,8.336578369140625,8.336578369140625,0.0,0.0,0.0,0.0,0.0,0.0
5,267,10.161361382924952,10.171563854906708,False,-21.846153259277344,-0.3812873065471649,-88.74725341796875,-1.5489317178726196,88.04395294189453,1.5366568565368652,82.24176025390625,1.435389518737793,94.06593322753906,1.641760230064392,0.6868131868131868,0.006868131868131868,-0.4022234082221985,-1.2903802394866943,1.142065405845642,1.4942671060562134,1.643651008605957,0.0029668286442756653,-23.04570198059082,-0.40222337799468816,-84.74725341796875,-1.4791186041655728,84.04395294189453,1.4668436952272341,85.61519622802734,1.494267063920107,94.17426300048828,1.6436509599975948,0.29668286442756653,0.0029668286442756653,False,False,0.0,0.0,0.0,0.0,0.0,10.813919067382812,10.813919067382812,0.0,18.608428955078125,18.608428955078125,0.0,0.0,0.0,0.0,0.0,0.0
5,268,10.194732732954435,10.205971349962056,False,-21.758241653442383,-0.3797529637813568,-87.86813354492188,-1.533588171005249,87.78022003173828,1.532053828239441,82.24176025390625,1.435389518737793,94.06593322753906,1.641760230064392,0.6868131868131868,0.006868131868131868,-0.39995384216308594,-1.2848360538482666,1.1312432289123535,1.4943604469299316,1.6491916179656982,0.0037261992692947388,-22.915666580200195,-0.39995383211372265,-83.86813354492188,-1.4637750678611903,83.78022003173828,1.4622406875991412,85.62054443359375,1.4943604077163144,94.49171447753906,1.64919153348745,0.3726199269294739,0.0037261992692947388,False,False,0.0,0.0,0.0,0.0,0.0,10.252456665039062,10.252456665039062,0.0,18.964759826660156,18.964759826660156,0.0,0.0,0.0,0.0,0.0,0.0
5,269,10.228273898013867,10.239081330946647,False,-21.846153259277344,-0.3812873065471649,-87.34066009521484,-1.5243821144104004,87.51648712158203,1.5274507999420166,82.76923370361328,1.4445956945419312,94.06593322753906,1.641760230064392,0.6868131868131868,0.006868131868131868,-0.42304813861846924,-1.1654661893844604,1.0628600120544434,1.4853285551071167,1.6430485248565674,0.0031709223985671997,-24.23887062072754,-0.42304809929661724,-83.34066009521484,-1.45456891944695,83.51648712158203,1.4576376799710482,85.1030502319336,1.485328430037365,94.13973999023438,1.6430484198009643,0.31709223985671997,0.0031709223985671997,False,False,0.0,0.0,0.0,0.0,0.0,16.564369201660156,16.564369201660156,0.0,22.619098663330078,22.619098663330078,0.0,0.0,0.0,0.0,0.0,0.0
5,270,10.261471790960059,10.42467133095488,False,-22.285715103149414,-0.3889591097831726,-86.46154022216797,-1.5090385675430298,87.25274658203125,1.5228476524353027,83.20879364013672,1.4522674083709717,94.06593322753906,1.641760230064392,0.6868131868131868,0.006868131868131868,-0.3934723138809204,-1.5113356113433838,1.4553111791610718,1.4437752962112427,1.648348093032837,0.0039060041308403015,-22.544301986694336,-0.393472297231715,-86.59314727783203,-1.511335529662534,83.38318634033203,1.455311142442755,82.72222900390625,1.4437752607069132,94.4433822631836,1.6483479772121674,0.39060041308403015,0.0039060041308403015,False,False,0.0,0.0,0.0,0.0,0.0,0.0,0.0,0.0,0.0,0.0,0.0,0.0,0.0,0.0,0.0,0.0
5,271,10.426185294985771,10.438119016005658,False,-23.868131637573242,-0.4165774881839752,-85.4065933227539,-1.4906262159347534,86.9011001586914,1.5167102813720703,83.20879364013672,1.4522674083709717,94.06593322753906,1.641760230064392,0.6868131868131868,0.006868131868131868,-0.38651740550994873,-1.3797607421875,1.3040170669555664,1.4580492973327637,1.658721923828125,0.0036214590072631836,-22.145814895629883,-0.38651738546594583,-81.4065933227539,-1.4208130863140866,82.9011001586914,1.4468971512947586,83.54006958007812,1.45804927151752,95.03775787353516,1.6587217886063532,0.36214590072631836,0.0036214590072631836,False,False,0.0,0.0,0.0,0.0,0.0,2.3521270751953125,2.3521270751953125,0.0,8.186431884765625,8.186431884765625,0.0,0.0,0.0,0.0,0.0,0.0
5,272,10.460699708899483,10.472555293003097,False,-24.30769157409668,-0.4242492616176605,-85.31867980957031,-1.4890918731689453,86.9011001586914,1.5167102813720703,83.20879364013672,1.4522674083709717,94.06593322753906,1.641760230064392,0.6868131868131868,0.006868131868131868,-0.3831328749656677,-1.397323727607727,1.2939410209655762,1.4526231288909912,1.6531122922897339,0.003566436469554901,-21.951894760131836,-0.3831328406155914,-81.31867980957031,-1.4192787060520373,82.9011001586914,1.4468971512947586,83.22917175292969,1.4526230807964835,94.71635437011719,1.6531122392442648,0.3566436469554901,0.003566436469554901,False,False,0.0,0.0,0.0,0.0,0.0,1.2579345703125,1.2579345703125,0.0,8.763748168945312,8.763748168945312,0.0,0.0,0.0,0.0,0.0,0.0
5,273,10.493813295965083,10.505663155927323,False,-23.604394912719727,-0.41197440028190613,-85.14286041259766,-1.486023187637329,86.72527313232422,1.513641595840454,83.03296661376953,1.449198603630066,94.15384674072266,1.6432945728302002,0.6868131868131868,0.006868131868131868,-0.38926613330841064,-1.5114842653274536,1.4247783422470093,1.4443804025650024,1.640952467918396,0.0035680606961250305,-22.30330467224121,-0.3892661006060439,-86.6016616821289,-1.5114841340513603,82.72527313232422,1.4438283907706604,82.75689697265625,1.4443803309065792,94.01964569091797,1.6409523788650175,0.35680606961250305,0.0035680606961250305,False,False,0.0,0.0,0.0,0.0,0.0,0.0,0.0,0.0,1.09149169921875,1.09149169921875,0.0,0.0,0.0,0.0,0.0,0.0
5,274,10.52679921197705,10.53775251400657,False,-22.549449920654297,-0.3935621380805969,-84.17582702636719,-1.4691452980041504,86.46154022216797,1.5090385675430298,82.76923370361328,1.4445956945419312,94.15384674072266,1.6432945728302002,0.6868131868131868,0.006868131868131868,-0.38306939601898193,-1.5548030138015747,1.4812642335891724,1.438738226890564,1.6477054357528687,0.004302456974983215,-21.948259353637695,-0.38306939080262026,-88.17582702636719,-1.5389585022791084,84.87018585205078,1.4812641798977952,82.43362426757812,1.4387381578211373,94.40656280517578,1.6477053564411315,0.43024569749832153,0.004302456974983215,False,False,0.0,0.0,0.0,0.0,0.0,0.9078216552734375,0.9078216552734375,0.0,0.0,0.0,0.0,0.0,0.0,0.0,0.0,0.0
5,275,10.56026982597541,10.5718821559567,False,-22.285715103149414,-0.3889591097831726,-83.73626708984375,-1.4614735841751099,86.19779968261719,1.504435420036316,82.5934066772461,1.4415268898010254,94.15384674072266,1.6432945728302002,0.6868131868131868,0.006868131868131868,-0.37536001205444336,-1.601691484451294,1.4945454597473145,1.4342336654663086,1.6422885656356812,0.004164189100265503,-21.50654411315918,-0.3753600055000316,-87.73626708984375,-1.531286734126917,85.63114166259766,1.4945453642540203,82.17552947998047,1.4342335539953228,94.09619903564453,1.6422884867839103,0.4164189100265503,0.004164189100265503,False,False,0.0,0.0,0.0,0.0,0.0,4.0338897705078125,4.0338897705078125,0.0,0.0,0.0,0.0,0.0,0.0,0.0,0.0,0.0
5,276,10.593682502978481,10.604479848989286,False,-22.901098251342773,-0.3996995687484741,-84.52747344970703,-1.4752826690673828,86.19779968261719,1.504435420036316,82.5054931640625,1.4399925470352173,94.15384674072266,1.6432945728302002,0.6868131868131868,0.006868131868131868,-0.3764335513114929,-1.6069152355194092,1.5046027898788452,1.4258813858032227,1.637982964515686,0.0035140812397003174,-21.568052291870117,-0.3764335257354426,-88.52747344970703,-1.5450958901692504,86.20738220214844,1.50460265895265,81.69698333740234,1.4258813481846164,93.84950256347656,1.6379828210915246,0.35140812397003174,0.0035140812397003174,False,False,0.0,0.0,0.0,0.0,0.0,3.5419845581054688,3.5419845581054688,0.0,0.0,0.0,0.0,0.0,0.0,0.0,0.0,0.0
5,277,10.627016181009822,10.639506740961224,False,-22.461538314819336,-0.3920277953147888,-86.28571319580078,-1.505969762802124,86.54945373535156,1.510572910308838,82.76923370361328,1.4445956945419312,94.15384674072266,1.6432945728302002,0.6868131868131868,0.006868131868131868,-0.3705785274505615,-1.6167091131210327,1.5098084211349487,1.4285553693771362,1.6431081295013428,0.005575396120548248,-21.23258399963379,-0.3705784994998761,-90.28571319580078,-1.5757829627780156,86.50564575195312,1.509808339935428,81.85018920898438,1.4285552950771105,94.14315795898438,1.643108074609382,0.5575396120548248,0.005575396120548248,False,False,0.0,0.0,0.0,0.0,0.0,2.3448944091796875,2.3448944091796875,0.0,0.0,0.0,0.0,0.0,0.0,0.0,0.0,0.0
5,278,10.660490134963766,10.672941664000973,False,-21.58241844177246,-0.3766842484474182,-87.34066009521484,-1.5243821144104004,86.81318664550781,1.5151759386062622,82.76923370361328,1.4445956945419312,93.80220031738281,1.6371572017669678,0.6868131868131868,0.006868131868131868,-0.3745456337928772,-1.594123125076294,1.4979251623153687,1.429068684577942,1.6417200565338135,0.004056289792060852,-21.459882736206055,-0.37454561083868537,-91.3365249633789,-1.5941230879409551,85.82478332519531,1.4979250488353855,81.87960052490234,1.4290686193772233,94.0636215209961,1.6417199018911783,0.4056289792060852,0.004056289792060852,False,False,0.0,0.0,0.0,0.0,0.0,0.0,0.0,0.0,0.0,0.0,0.0,0.0,0.0,0.0,0.0,0.0
5,279,10.694518161937594,10.706841439008713,False,-21.758241653442383,-0.3797529637813568,-87.6043930053711,-1.5289851427078247,86.989013671875,1.518244743347168,82.5934066772461,1.4415268898010254,93.53845977783203,1.632554054260254,0.6868131868131868,0.006868131868131868,-0.3739447593688965,-1.6076834201812744,1.5064330101013184,1.4259201288223267,1.6426656246185303,0.0037129074335098267,-21.42545509338379,-0.3739447351177363,-91.6043930053711,-1.5987982672345893,86.31224822998047,1.506432916411807,81.69920349121094,1.4259200971784771,94.11780548095703,1.6426655903942655,0.37129074335098267,0.0037129074335098267,False,False,0.0,0.0,0.0,0.0,0.0,0.5090789794921875,0.5090789794921875,0.0,0.0,0.0,0.0,0.0,0.0,0.0,0.0,0.0
5,280,10.728051360929385,10.73989426495973,False,-22.19780158996582,-0.3874247074127197,-88.83516693115234,-1.5504661798477173,86.989013671875,1.518244743347168,82.5934066772461,1.4415268898010254,93.71428680419922,1.6356228590011597,0.6868131868131868,0.006868131868131868,-0.3872077465057373,-1.582247257232666,1.4961873292922974,1.4283260107040405,1.6425855159759521,0.004181593656539917,-22.185367584228516,-0.387207710110008,-90.65608215332031,-1.5822471205339104,85.72521209716797,1.4961872030660541,81.83705139160156,1.4283259969072546,94.11321258544922,1.642585429245454,0.4181593656539917,0.004181593656539917,False,False,0.0,0.0,0.0,0.0,0.0,0.0,0.0,0.0,0.0,0.0,0.0,0.0,0.0,0.0,0.0,0.0
5,281,10.761596184922382,10.77326547098346,False,-22.0219783782959,-0.3843560218811035,-90.15384674072266,-1.5734814405441284,86.989013671875,1.518244743347168,82.5054931640625,1.4399925470352173,93.97801971435547,1.640225887298584,0.6868131868131868,0.006868131868131868,-0.3826621174812317,-1.5927175283432007,1.493880033493042,1.4252506494522095,1.6399669647216797,0.005711570382118225,-21.924922943115234,-0.38266209360340625,-91.25598907470703,-1.5927174715176113,85.593017578125,1.493879973455664,81.66084289550781,1.425250578480431,93.96318054199219,1.6399668761036337,0.5711570382118225,0.005711570382118225,False,False,0.0,0.0,0.0,0.0,0.0,0.0,0.0,0.0,0.0,0.0,0.0,0.0,0.0,0.0,0.0,0.0
5,282,10.795068987994455,10.805952832917683,False,-21.670330047607422,-0.3782186210155487,-90.85713958740234,-1.5857561826705933,86.989013671875,1.518244743347168,82.4175796508789,1.4384580850601196,93.53845977783203,1.632554054260254,0.6868131868131868,0.006868131868131868,-0.38333892822265625,-1.6150113344192505,1.5111366510391235,1.4223734140396118,1.6363990306854248,0.005437135696411133,-21.963701248168945,-0.38333890270493626,-92.5333251953125,-1.6150111924768282,86.58174896240234,1.511136591529105,81.49598693847656,1.4223732992387095,93.75875091552734,1.6363989060332,0.5437135696411133,0.005437135696411133,False,False,0.0,0.0,0.0,0.0,0.0,0.0,0.0,0.0,0.0,0.0,0.0,0.0,0.0,0.0,0.0,0.0
5,283,10.828499292954803,10.839111708919518,False,-21.670330047607422,-0.3782186210155487,-90.76923370361328,-1.5842219591140747,86.989013671875,1.518244743347168,82.4175796508789,1.4384580850601196,93.53845977783203,1.632554054260254,0.6868131868131868,0.006868131868131868,-0.3746527135372162,-1.6031551361083984,1.5087382793426514,1.4219789505004883,1.6368569135665894,0.005265481770038605,-21.466018676757812,-0.3746527032040202,-91.85401916503906,-1.6031550656199043,86.44432830810547,1.5087381486513796,81.473388671875,1.4219788850812687,93.78498840332031,1.636856836582639,0.5265481770038605,0.005265481770038605,False,False,0.0,0.0,0.0,0.0,0.0,0.0,0.0,0.0,0.0,0.0,0.0,0.0,0.0,0.0,0.0,0.0
5,284,10.861893277964555,10.872380963992327,False,-21.934066772460938,-0.3828216791152954,-90.68132019042969,-1.5826876163482666,86.989013671875,1.518244743347168,82.4175796508789,1.4384580850601196,93.62637329101562,1.6340885162353516,0.6868131868131868,0.006868131868131868,-0.3737908601760864,-1.6204519271850586,1.5178866386413574,1.417858600616455,1.6389225721359253,0.004558555781841278,-21.416637420654297,-0.3737908376962433,-92.84505462646484,-1.6204518974258055,86.96849060058594,1.5178865064699654,81.23731231689453,1.4178585754007527,93.9033432006836,1.6389225174821591,0.4558555781841278,0.004558555781841278,False,False,0.0,0.0,0.0,0.0,0.0,0.0,0.0,0.0,0.0,0.0,0.0,0.0,0.0,0.0,0.0,0.0
5,285,10.895807700930163,10.907283458975144,False,-22.0219783782959,-0.3843560218811035,-91.9120864868164,-1.6041685342788696,87.16483306884766,1.5213133096694946,82.4175796508789,1.4384580850601196,93.53845977783203,1.632554054260254,0.6868131868131868,0.006868131868131868,-0.37692052125930786,-1.6269479990005493,1.518946886062622,1.4151990413665771,1.6351202726364136,0.004688151180744171,-21.5959529876709,-0.37692048474076356,-93.21724700927734,-1.6269478799567267,87.02924346923828,1.5189468440579803,81.08493041992188,1.415199009578145,93.68548583984375,1.6351201892357985,0.4688151180744171,0.004688151180744171,False,False,0.0,0.0,0.0,0.0,0.0,0.0,0.0,0.0,0.0,0.0,0.0,0.0,0.0,0.0,0.0,0.0
5,286,10.92923869995866,10.941004333901219,False,-21.934066772460938,-0.3828216791152954,-91.9120864868164,-1.6041685342788696,87.16483306884766,1.5213133096694946,82.4175796508789,1.4384580850601196,93.53845977783203,1.632554054260254,0.6868131868131868,0.006868131868131868,-0.3717595934867859,-1.6419777870178223,1.5320507287979126,1.414534568786621,1.639002799987793,0.004675552248954773,-21.300254821777344,-0.3717595781538126,-94.0783920288086,-1.6419776958846979,87.78003692626953,1.5320506618856062,81.04685974121094,1.4145345508861702,93.9079360961914,1.6390026786309704,0.4675552248954773,0.004675552248954773,False,False,0.0,0.0,0.0,0.0,0.0,0.0,0.0,0.0,0.0,0.0,0.0,0.0,0.0,0.0,0.0,0.0
5,287,10.962646671920083,10.974396232981235,False,-21.846153259277344,-0.3812873065471649,-92.35164642333984,-1.6118402481079102,87.42857360839844,1.5259164571762085,82.15384674072266,1.4338550567626953,93.53845977783203,1.632554054260254,0.6868131868131868,0.006868131868131868,-0.37654563784599304,-1.6109541654586792,1.5225601196289062,1.4125183820724487,1.6425331830978394,0.004057474434375763,-21.574474334716797,-0.3765456115278213,-92.30087280273438,-1.6109541328722015,87.23626708984375,1.5225600878669454,80.93133544921875,1.4125182716248712,94.11021423339844,1.6425330981300341,0.4057474434375763,0.004057474434375763,False,False,0.0,0.0,0.0,0.0,0.0,0.0,0.0,0.0,0.0,0.0,0.0,0.0,0.0,0.0,0.0,0.0
5,288,10.996240712935105,11.007375221932307,False,-21.758241653442383,-0.3797529637813568,-92.26373291015625,-1.610305905342102,87.78022003173828,1.532053828239441,81.97801971435547,1.430786371231079,93.53845977783203,1.632554054260254,0.6868131868131868,0.006868131868131868,-0.3815584182739258,-1.610658884048462,1.5026099681854248,1.4183356761932373,1.6524593830108643,0.004837632179260254,-21.86168670654297,-0.3815584130686502,-92.28395080566406,-1.6106587883073116,86.09320831298828,1.5026099486669984,81.26464080810547,1.4183355475519859,94.67893981933594,1.6524592321449774,0.4837632179260254,0.004837632179260254,False,False,0.0,0.0,0.0,0.0,0.0,0.0,0.0,0.0,0.0,0.0,0.0,0.0,0.0,0.0,0.0,0.0
5,289,11.030455769971013,11.041396032902412,False,-21.670330047607422,-0.3782186210155487,-92.96703338623047,-1.6225807666778564,87.95604705810547,1.5351226329803467,81.97801971435547,1.430786371231079,93.53845977783203,1.632554054260254,0.6868131868131868,0.006868131868131868,-0.39982181787490845,-1.569116473197937,1.4720780849456787,1.4193769693374634,1.6487914323806763,0.004003144800662994,-22.90810203552246,-0.39982180590268196,-89.90374755859375,-1.5691164047792745,84.34385681152344,1.4720780051917304,81.32430267333984,1.4193768435382068,94.46878814697266,1.6487913935336658,0.40031448006629944,0.004003144800662994,False,False,0.0,0.0,0.0,0.0,0.0,0.0,0.0,0.0,0.0,0.0,0.0,0.0,0.0,0.0,0.0,0.0
5,290,11.063697995967232,11.075166742899455,False,-21.670330047607422,-0.3782186210155487,-92.87911987304688,-1.6210464239120483,87.95604705810547,1.5351226329803467,81.97801971435547,1.430786371231079,93.53845977783203,1.632554054260254,0.6868131868131868,0.006868131868131868,-0.38781774044036865,-1.5901226997375488,1.4693907499313354,1.423828363418579,1.6449637413024902,0.005338892340660095,-22.220317840576172,-0.38781770715769065,-91.10731506347656,-1.5901226205094927,84.18988037109375,1.4693906093357314,81.57935333251953,1.4238283173002744,94.24947357177734,1.6449636320988947,0.5338892340660095,0.005338892340660095,False,False,0.0,0.0,0.0,0.0,0.0,0.0,0.0,0.0,0.0,0.0,0.0,0.0,0.0,0.0,0.0,0.0
5,291,11.097097633988596,11.109618988935836,False,-21.670330047607422,-0.3782186210155487,-92.43955993652344,-1.6133747100830078,87.78022003173828,1.532053828239441,81.97801971435547,1.430786371231079,93.53845977783203,1.632554054260254,0.6868131868131868,0.006868131868131868,-0.37521493434906006,-1.6120651960372925,1.4982848167419434,1.4221245050430298,1.6495693922042847,0.00608324259519577,-21.498231887817383,-0.37521492979964954,-92.3645248413086,-1.612065070520928,85.84539031982422,1.4982847087406006,81.48172760009766,1.4221244268348416,94.51335906982422,1.6495693028880778,0.608324259519577,0.00608324259519577,False,False,0.0,0.0,0.0,0.0,0.0,0.0,0.0,0.0,0.0,0.0,0.0,0.0,0.0,0.0,0.0,0.0
5,292,11.130470044910908,11.142680154996924,False,-21.846153259277344,-0.3812873065471649,-91.29669952392578,-1.5934280157089233,87.6043930053711,1.5289851427078247,81.97801971435547,1.430786371231079,93.53845977783203,1.632554054260254,0.6868131868131868,0.006868131868131868,-0.37703898549079895,-1.5813630819320679,1.4740362167358398,1.419197916984558,1.6479573249816895,0.005022689700126648,-21.602741241455078,-0.37703896211975846,-90.60542297363281,-1.581362951052004,84.45604705810547,1.4740360943832111,81.31404876708984,1.4191978791129536,94.4209976196289,1.647957291480253,0.5022689700126648,0.005022689700126648,False,False,0.0,0.0,0.0,0.0,0.0,0.0,0.0,0.0,0.0,0.0,0.0,0.0,0.0,0.0,0.0,0.0
5,293,11.164019058924168,11.174487711978145,False,-22.10988998413086,-0.3858903646469116,-91.03296661376953,-1.588824987411499,87.6043930053711,1.5289851427078247,81.97801971435547,1.430786371231079,93.62637329101562,1.6340885162353516,0.6868131868131868,0.006868131868131868,-0.3837664723396301,-1.5762728452682495,1.492663025856018,1.417226791381836,1.6418753862380981,0.004881151020526886,-21.988197326660156,-0.38376643992843484,-90.31377410888672,-1.576272718102481,85.52328491210938,1.4926629088374979,81.20111083984375,1.4172267404321313,94.07252502441406,1.6418752973407844,0.4881151020526886,0.004881151020526886,False,False,0.0,0.0,0.0,0.0,0.0,0.0,0.0,0.0,0.0,0.0,0.0,0.0,0.0,0.0,0.0,0.0
5,294,11.197466332931072,11.208014916977845,False,-22.0219783782959,-0.3843560218811035,-91.56044006347656,-1.5980311632156372,87.6043930053711,1.5289851427078247,81.97801971435547,1.430786371231079,93.62637329101562,1.6340885162353516,0.6868131868131868,0.006868131868131868,-0.4057839512825012,-1.4189962148666382,1.299490213394165,1.4307571649551392,1.6618413925170898,0.004458539187908173,-23.249706268310547,-0.4057839245035832,-87.56044006347656,-1.5282179736028187,83.6043930053711,1.459171927075043,81.9763412475586,1.4307570635083335,95.21649169921875,1.6618412823492175,0.44585391879081726,0.004458539187908173,False,False,0.0,0.0,0.0,0.0,0.0,6.2579498291015625,6.2579498291015625,0.0,9.149093627929688,9.149093627929688,0.0,0.0,0.0,0.0,0.0,0.0
5,295,11.2307246850105,11.241113736992702,False,-21.58241844177246,-0.3766842484474182,-92.0879135131836,-1.6072373390197754,87.6043930053711,1.5289851427078247,81.97801971435547,1.430786371231079,93.62637329101562,1.6340885162353516,0.6868131868131868,0.006868131868131868,-0.39816170930862427,-1.4802347421646118,1.3539574146270752,1.4251693487167358,1.6420210599899292,0.005065195262432098,-22.812984466552734,-0.3981616911476674,-88.0879135131836,-1.5374241220170592,83.6043930053711,1.459171927075043,81.65618133544922,1.4251692189091292,94.08087158203125,1.6420209722524117,0.5065195262432098,0.005065195262432098,False,False,0.0,0.0,0.0,0.0,0.0,3.2767181396484375,3.2767181396484375,0.0,6.028350830078125,6.028350830078125,0.0,0.0,0.0,0.0,0.0,0.0
5,296,11.264086719951592,11.275008958997205,False,-21.934066772460938,-0.3828216791152954,-90.68132019042969,-1.5826876163482666,87.42857360839844,1.5259164571762085,81.97801971435547,1.430786371231079,93.62637329101562,1.6340885162353516,0.6868131868131868,0.006868131868131868,-0.39645159244537354,-1.4055765867233276,1.273936152458191,1.4314519166946411,1.64860999584198,0.005150459706783295,-22.715002059936523,-0.39645157554318666,-86.68132019042969,-1.5128744372984362,83.42857360839844,1.456103299708999,82.01615142822266,1.431451882236735,94.45838928222656,1.6486098991053768,0.5150459706783295,0.005150459706783295,False,False,0.0,0.0,0.0,0.0,0.0,6.1477203369140625,6.1477203369140625,0.0,10.437416076660156,10.437416076660156,0.0,0.0,0.0,0.0,0.0,0.0
5,297,11.297622021986172,11.311277244007215,False,-22.901098251342773,-0.3996995687484741,-88.65933990478516,-1.5473973751068115,87.25274658203125,1.5228476524353027,81.97801971435547,1.430786371231079,93.89010620117188,1.6386914253234863,0.6868131868131868,0.006868131868131868,-0.4059097170829773,-1.296523928642273,1.206520915031433,1.4372642040252686,1.6517724990844727,0.005677901208400726,-23.256912231445312,-0.4059096922860622,-84.65933990478516,-1.4775842239035237,83.25274658203125,1.4530345391849007,82.34916687011719,1.4372640981577784,94.63958740234375,1.651772402899846,0.5677901208400726,0.005677901208400726,False,False,0.0,0.0,0.0,0.0,0.0,10.373992919921875,10.373992919921875,0.0,14.124191284179688,14.124191284179688,0.0,0.0,0.0,0.0,0.0,0.0
5,298,11.331305754953064,11.341940714977682,False,-22.901098251342773,-0.3996995687484741,-88.57142639160156,-1.5458630323410034,87.25274658203125,1.5228476524353027,81.97801971435547,1.430786371231079,94.32967376708984,1.646363377571106,0.6868131868131868,0.006868131868131868,-0.41327232122421265,-1.232132077217102,1.1615405082702637,1.4435168504714966,1.6499598026275635,0.004913687705993652,-23.67875862121582,-0.4132723007252089,-84.57142639160156,-1.4760498436414746,83.25274658203125,1.4530345391849007,82.7074203491211,1.4435168009231212,94.53572845458984,1.6499597223038835,0.49136877059936523,0.004913687705993652,False,False,0.0,0.0,0.0,0.0,0.0,13.9754638671875,13.9754638671875,0.0,16.701377868652344,16.701377868652344,0.0,0.0,0.0,0.0,0.0,0.0
5,299,11.364745624014176,11.376947948941961,False,-22.285715103149414,-0.3889591097831726,-88.04395294189453,-1.5366568565368652,87.16483306884766,1.5213133096694946,81.97801971435547,1.430786371231079,93.89010620117188,1.6386914253234863,0.6868131868131868,0.006868131868131868,-0.4313218593597412,-1.1565337181091309,1.0895017385482788,1.4434828758239746,1.6502333879470825,0.004440151154994965,-24.712921142578125,-0.4313218417237073,-84.04395294189453,-1.4668436952272341,83.16483306884766,1.4515001589228516,82.70547485351562,1.4434828456192226,94.55140686035156,1.6502333621058891,0.44401511549949646,0.004440151154994965,False,False,0.0,0.0,0.0,0.0,0.0,17.779457092285156,17.779457092285156,0.0,20.740985870361328,20.740985870361328,0.0,0.0,0.0,0.0,0.0,0.0
5,300,11.398253044928424,11.563202245975845,False,-22.989011764526367,-0.4012339413166046,-86.63735961914062,-1.5121071338653564,86.9011001586914,1.5167102813720703,81.80220031738281,1.427717685699463,94.32967376708984,1.646363377571106,0.6868131868131868,0.006868131868131868,-0.40782248973846436,-1.489227056503296,1.43301522731781,1.4206498861312866,1.6563823223114014,0.003864780068397522,-23.366506576538086,-0.407822474449498,-85.32642364501953,-1.489227031557132,82.9011001586914,1.4468971512947586,81.3972396850586,1.4206498345392646,94.9037094116211,1.6563822015887186,0.3864780068397522,0.003864780068397522,False,False,0.0,0.0,0.0,0.0,0.0,0.0,0.0,0.0,0.795379638671875,0.795379638671875,0.0,0.0,0.0,0.0,0.0,0.0
5,301,11.564591647940688,11.576610405929387,False,-24.659339904785156,-0.43038666248321533,-85.14286041259766,-1.486023187637329,86.72527313232422,1.513641595840454,81.89010620117188,1.4292519092559814,94.4175796508789,1.6478976011276245,0.6868131868131868,0.006868131868131868,-0.4030567407608032,-1.5775744915008545,1.4868186712265015,1.421558141708374,1.6503324508666992,0.002469949424266815,-23.093448638916016,-0.4030567143892876,-89.14286041259766,-1.55583641884554,85.18843078613281,1.4868186018253189,81.44927978515625,1.4215581056290363,94.55707550048828,1.6503322985403857,0.24699494242668152,0.002469949424266815,False,False,0.0,0.0,0.0,0.0,0.0,1.2454986572265625,1.2454986572265625,0.0,0.0,0.0,0.0,0.0,0.0,0.0,0.0,0.0
5,302,11.598363900906406,11.610323568922468,False,-24.74725341796875,-0.4319210350513458,-85.14286041259766,-1.486023187637329,86.72527313232422,1.513641595840454,81.89010620117188,1.4292519092559814,94.4175796508789,1.6478976011276245,0.6868131868131868,0.006868131868131868,-0.39236629009246826,-1.6329472064971924,1.5310190916061401,1.4161099195480347,1.6497188806533813,0.0036467835307121277,-22.48093032836914,-0.3923662531414915,-89.14286041259766,-1.55583641884554,87.7209243774414,1.5310189532793095,81.13711547851562,1.4161098106709522,94.52192687988281,1.6497188393832858,0.36467835307121277,0.0036467835307121277,False,False,0.0,0.0,0.0,0.0,0.0,4.418121337890625,4.418121337890625,0.0,0.0,0.0,0.0,0.0,0.0,0.0,0.0,0.0
5,303,11.63181304896716,11.645144040929154,False,-24.21977996826172,-0.42271488904953003,-85.4065933227539,-1.4906262159347534,86.72527313232422,1.513641595840454,81.80220031738281,1.427717685699463,94.4175796508789,1.6478976011276245,0.6868131868131868,0.006868131868131868,-0.3826218247413635,-1.62861168384552,1.5280663967132568,1.4121242761611938,1.6444404125213623,0.0023901984095573425,-21.92261505126953,-0.3826218132919188,-89.4065933227539,-1.560439426473633,87.55175018310547,1.5280663065787388,80.90876007080078,1.4121242569415942,94.21949005126953,1.6444403209446943,0.23901984095573425,0.0023901984095573425,False,False,0.0,0.0,0.0,0.0,0.0,3.905975341796875,3.905975341796875,0.0,0.0,0.0,0.0,0.0,0.0,0.0,0.0,0.0
5,304,11.665149356937036,11.700445344904438,False,-23.25274658203125,-0.4058369994163513,-86.81318664550781,-1.5151759386062622,87.07691955566406,1.5197789669036865,82.06593322753906,1.4323207139968872,94.4175796508789,1.6478976011276245,0.6868131868131868,0.006868131868131868,-0.3993743062019348,-1.6288970708847046,1.525231122970581,1.4139348268508911,1.6425325870513916,0.0023791491985321045,-22.882461547851562,-0.39937429497100774,-90.81318664550781,-1.5849891111922558,87.3893051147461,1.5252311052822403,81.01249694824219,1.4139348070086843,94.11017608642578,1.6425324323397614,0.23791491985321045,0.0023791491985321045,False,False,0.0,0.0,0.0,0.0,0.0,2.5157394409179688,2.5157394409179688,0.0,0.0,0.0,0.0,0.0,0.0,0.0,0.0,0.0
5,305,11.701982597936876,11.71457220299635,False,-22.549449920654297,-0.3935621380805969,-88.30769348144531,-1.541260004043579,87.95604705810547,1.5351226329803467,81.80220031738281,1.427717685699463,93.97801971435547,1.640225887298584,0.6868131868131868,0.006868131868131868,-0.3857969641685486,-1.626270055770874,1.5297049283981323,1.412172794342041,1.6479499340057373,0.0023888573050498962,-22.104536056518555,-0.38579693381205216,-92.30769348144531,-1.611073176172928,87.6456298828125,1.52970481643941,80.91153717041016,1.4121727264734334,94.42057037353516,1.6479498346292007,0.23888573050498962,0.0023888573050498962,False,False,0.0,0.0,0.0,0.0,0.0,0.8707122802734375,0.8707122802734375,0.0,0.0,0.0,0.0,0.0,0.0,0.0,0.0,0.0
5,306,11.735380619997159,11.74717857700307,False,-22.461538314819336,-0.3920277953147888,-88.21977996826172,-1.539725661277771,88.13186645507812,1.5381911993026733,81.62637329101562,1.4246490001678467,93.97801971435547,1.640225887298584,0.6868131868131868,0.006868131868131868,-0.38759148120880127,-1.6419501304626465,1.5240482091903687,1.4101505279541016,1.643592119216919,0.0016749724745750427,-22.207355499267578,-0.38759147162308843,-92.21977996826172,-1.609538795910879,87.32152557373047,1.5240481291260273,80.79566955566406,1.4101504550996817,94.17088317871094,1.6435919709794495,0.16749724745750427,0.0016749724745750427,False,False,0.0,0.0,0.0,0.0,0.0,1.857025146484375,1.857025146484375,0.0,0.0,0.0,0.0,0.0,0.0,0.0,0.0,0.0
5,307,11.768855265923776,11.780635199975222,False,-22.813186645507812,-0.398165225982666,-89.18681335449219,-1.5566035509109497,88.13186645507812,1.5381911993026733,81.62637329101562,1.4246490001678467,93.97801971435547,1.640225887298584,0.6868131868131868,0.006868131868131868,-0.39342397451400757,-1.6178959608078003,1.523184061050415,1.4129472970962524,1.6508822441101074,0.0019550621509552,-22.541532516479492,-0.3934239608579301,-92.6986083984375,-1.617895928569602,87.27201080322266,1.5231839333522965,80.9559097290039,1.4129471737184285,94.58857727050781,1.6508821081474325,0.19550621509552002,0.0019550621509552,False,False,0.0,0.0,0.0,0.0,0.0,0.0,0.0,0.0,0.0,0.0,0.0,0.0,0.0,0.0,0.0,0.0
5,308,11.802662642905489,11.814404656994157,False,-22.901098251342773,-0.3996995687484741,-90.76923370361328,-1.5842219591140747,88.13186645507812,1.5381911993026733,81.62637329101562,1.4246490001678467,93.97801971435547,1.640225887298584,0.6868131868131868,0.006868131868131868,-0.3887791633605957,-1.6387871503829956,1.5356900691986084,1.4093233346939087,1.6491682529449463,0.0015718340873718262,-22.27540397644043,-0.3887791416007229,-93.89558410644531,-1.6387870957407285,87.98855590820312,1.535690004673254,80.74827575683594,1.4093232772651032,94.49037170410156,1.6491680976698575,0.15718340873718262,0.0015718340873718262,False,False,0.0,0.0,0.0,0.0,0.0,0.0,0.0,0.0,0.0,0.0,0.0,0.0,0.0,0.0,0.0,0.0
5,309,11.835797281004488,11.847712383954786,False,-22.72527503967285,-0.3966308832168579,-91.9120864868164,-1.6041685342788696,88.13186645507812,1.5381911993026733,81.62637329101562,1.4246490001678467,93.97801971435547,1.640225887298584,0.6868131868131868,0.006868131868131868,-0.39073753356933594,-1.6430644989013672,1.5420398712158203,1.4095252752304077,1.6446542739868164,0.0010987669229507446,-22.387609481811523,-0.3907374971083127,-94.14065551757812,-1.6430643987675049,88.35237121582031,1.54203977966033,80.75984191894531,1.4095251448757313,94.23174285888672,1.6446541727802275,0.10987669229507446,0.0010987669229507446,False,False,0.0,0.0,0.0,0.0,0.0,0.0,0.0,0.0,0.0,0.0,0.0,0.0,0.0,0.0,0.0,0.0
5,310,11.869399523944594,11.880965073942207,False,-22.461538314819336,-0.3920277953147888,-92.17582702636719,-1.6087716817855835,88.21977996826172,1.539725661277771,81.62637329101562,1.4246490001678467,93.97801971435547,1.640225887298584,0.6868131868131868,0.006868131868131868,-0.39877521991729736,-1.6225612163543701,1.5249876976013184,1.4085246324539185,1.64837646484375,0.0016930177807807922,-22.848134994506836,-0.3987751835942808,-92.96590423583984,-1.6225611210091482,87.37535095214844,1.5249875592005526,80.7025146484375,1.4085245952541885,94.44500732421875,1.6483763398777769,0.16930177807807922,0.0016930177807807922,False,False,0.0,0.0,0.0,0.0,0.0,0.0,0.0,0.0,0.0,0.0,0.0,0.0,0.0,0.0,0.0,0.0
5,311,11.902952628908679,11.915044132969342,False,-22.373626708984375,-0.3904934525489807,-92.52747344970703,-1.614909052848816,88.57142639160156,1.5458630323410034,81.62637329101562,1.4246490001678467,93.97801971435547,1.640225887298584,0.6868131868131868,0.006868131868131868,-0.39118492603302,-1.6362876892089844,1.5281754732131958,1.4098716974258423,1.6458560228347778,0.0013673827052116394,-22.413244247436523,-0.39118490817144597,-93.75237274169922,-1.6362875858996346,87.55799865722656,1.5281753630253774,80.77969360351562,1.4098716221335506,94.30059814453125,1.6458559242221258,0.13673827052116394,0.0013673827052116394,False,False,0.0,0.0,0.0,0.0,0.0,0.0,0.0,0.0,0.0,0.0,0.0,0.0,0.0,0.0,0.0,0.0
5,312,11.936535888002254,11.948399469954893,False,-22.285715103149414,-0.3889591097831726,-92.96703338623047,-1.6225807666778564,88.65933990478516,1.5473973751068115,81.62637329101562,1.4246490001678467,93.97801971435547,1.640225887298584,0.6868131868131868,0.006868131868131868,-0.3885430693626404,-1.6378623247146606,1.5359234809875488,1.4054229259490967,1.6445332765579224,0.0018421411514282227,-22.261877059936523,-0.38854305237008735,-93.84259033203125,-1.637862179894144,88.0019302368164,1.5359234307427996,80.52479553222656,1.405422811532573,94.22480773925781,1.6445331321086836,0.18421411514282227,0.0018421411514282227,False,False,0.0,0.0,0.0,0.0,0.0,0.0,0.0,0.0,0.0,0.0,0.0,0.0,0.0,0.0,0.0,0.0
5,313,11.970014409977011,11.981966082006693,False,-22.285715103149414,-0.3889591097831726,-92.96703338623047,-1.6225807666778564,88.65933990478516,1.5473973751068115,81.62637329101562,1.4246490001678467,93.97801971435547,1.640225887298584,0.6868131868131868,0.006868131868131868,-0.38152074813842773,-1.662521243095398,1.542862057685852,1.4047718048095703,1.6410452127456665,0.002245508134365082,-21.859527587890625,-0.38152072933922554,-95.25544738769531,-1.6625211873755148,88.39948272705078,1.5428620306468919,80.48748779296875,1.4047716686460487,94.02495574951172,1.6410450568709523,0.22455081343650818,0.002245508134365082,False,False,0.0,0.0,0.0,0.0,0.0,0.0,0.0,0.0,0.0,0.0,0.0,0.0,0.0,0.0,0.0,0.0
5,314,12.003558775992133,12.017914531985298,False,-22.285715103149414,-0.3889591097831726,-93.31867980957031,-1.6287182569503784,88.65933990478516,1.5473973751068115,81.62637329101562,1.4246490001678467,93.97801971435547,1.640225887298584,0.6868131868131868,0.006868131868131868,-0.39282816648483276,-1.6291264295578003,1.5331284999847412,1.4012739658355713,1.6394333839416504,0.001692265272140503,-22.507394790649414,-0.3928281451430521,-93.3420639038086,-1.6291263457284115,87.84178924560547,1.5331284431787613,80.28707885742188,1.4012738728703387,93.93260955810547,1.6394333117792363,0.1692265272140503,0.001692265272140503,False,False,0.0,0.0,0.0,0.0,0.0,0.0,0.0,0.0,0.0,0.0,0.0,0.0,0.0,0.0,0.0,0.0
5,315,12.036686743958853,12.048950126976706,False,-22.285715103149414,-0.3889591097831726,-93.4945068359375,-1.6317869424819946,88.65933990478516,1.5473973751068115,81.62637329101562,1.4246490001678467,93.97801971435547,1.640225887298584,0.6868131868131868,0.006868131868131868,-0.3842337727546692,-1.6590361595153809,1.5414526462554932,1.4041157960891724,1.6398484706878662,0.0017669051885604858,-22.014972686767578,-0.38423375812071653,-95.0557632446289,-1.6590360416149825,88.3187255859375,1.5414525526399676,80.44990539550781,1.4041157320695623,93.95639038085938,1.639848365435125,0.17669051885604858,0.0017669051885604858,False,False,0.0,0.0,0.0,0.0,0.0,0.0,0.0,0.0,0.0,0.0,0.0,0.0,0.0,0.0,0.0,0.0
5,316,12.070229141972959,12.082594085950404,False,-22.285715103149414,-0.3889591097831726,-94.10989379882812,-1.642527461051941,88.74725341796875,1.5489317178726196,81.45054626464844,1.421580195426941,93.97801971435547,1.640225887298584,0.6868131868131868,0.006868131868131868,-0.3919176459312439,-1.6186760663986206,1.515330195426941,1.4045685529708862,1.6467450857162476,0.00196017324924469,-22.455224990844727,-0.39191761036635403,-92.74330139160156,-1.6186759684528862,86.822021484375,1.5153301381395983,80.47584533691406,1.4045684694548757,94.3515396118164,1.6467450205520489,0.196017324924469,0.00196017324924469,False,False,0.0,0.0,0.0,0.0,0.0,0.0,0.0,0.0,0.0,0.0,0.0,0.0,0.0,0.0,0.0,0.0
5,317,12.103454304975457,12.115599420969374,False,-22.285715103149414,-0.3889591097831726,-94.19779968261719,-1.6440616846084595,88.74725341796875,1.5489317178726196,81.27472686767578,1.4185116291046143,93.97801971435547,1.640225887298584,0.6868131868131868,0.006868131868131868,-0.4026087522506714,-1.5924737453460693,1.4726817607879639,1.4107712507247925,1.65982985496521,0.0020488575100898743,-23.067781448364258,-0.4026087374044226,-91.24201965332031,-1.5924736591198145,84.74725341796875,1.4791186041655728,80.83123779296875,1.4107712379497792,95.10124206542969,1.6598297967778806,0.20488575100898743,0.0020488575100898743,False,False,0.0,0.0,0.0,0.0,0.0,0.0,0.0,0.0,0.368804931640625,0.368804931640625,0.0,0.0,0.0,0.0,0.0,0.0
5,318,12.136821109917946,12.14994286291767,False,-22.373626708984375,-0.3904934525489807,-94.19779968261719,-1.6440616846084595,88.83516693115234,1.5504661798477173,81.27472686767578,1.4185116291046143,93.97801971435547,1.640225887298584,0.6868131868131868,0.006868131868131868,-0.3888111710548401,-1.5943913459777832,1.4539746046066284,1.414831280708313,1.6540181636810303,0.00344819575548172,-22.277238845825195,-0.3888111661128311,-91.35189056396484,-1.5943912682627261,84.83516693115234,1.480652984427622,81.06385803222656,1.414831227031605,94.76825714111328,1.6540181134890553,0.344819575548172,0.00344819575548172,False,False,0.0,0.0,0.0,0.0,0.0,0.0,0.0,0.0,1.528564453125,1.528564453125,0.0,0.0,0.0,0.0,0.0,0.0
5,319,12.170189658994786,12.183921782998368,False,-22.373626708984375,-0.3904934525489807,-93.84615325927734,-1.637924313545227,88.74725341796875,1.5489317178726196,81.27472686767578,1.4185116291046143,94.06593322753906,1.641760230064392,0.6868131868131868,0.006868131868131868,-0.3784226179122925,-1.6149083375930786,1.4770468473434448,1.4155528545379639,1.651137113571167,0.0027428343892097473,-21.682018280029297,-0.3784226074641091,-92.52742767333984,-1.6149082613006966,84.74725341796875,1.4791186041655728,81.1052017211914,1.415552810528962,94.60317993164062,1.651136972663753,0.27428343892097473,0.0027428343892097473,False,False,0.0,0.0,0.0,0.0,0.0,0.0,0.0,0.0,0.11870574951171875,0.11870574951171875,0.0,0.0,0.0,0.0,0.0,0.0
5,320,12.20375983696431,12.216148554929532,False,-22.373626708984375,-0.3904934525489807,-93.14286041259766,-1.6256495714187622,88.3956069946289,1.5427943468093872,81.27472686767578,1.4185116291046143,94.06593322753906,1.641760230064392,0.6868131868131868,0.006868131868131868,-0.387697696685791,-1.6167664527893066,1.479814052581787,1.414172887802124,1.653273105621338,0.002463430166244507,-22.21343994140625,-0.38769766517155535,-92.6338882446289,-1.6167663487932449,84.78709411621094,1.4798139555261927,81.02613067626953,1.414172760452083,94.7255630493164,1.653272961016051,0.24634301662445068,0.002463430166244507,False,False,0.0,0.0,0.0,0.0,0.0,0.0,0.0,0.0,0.0,0.0,0.0,0.0,0.0,0.0,0.0,0.0
5,321,12.237032312899828,12.249003760982305,False,-22.373626708984375,-0.3904934525489807,-92.79120635986328,-1.6195120811462402,88.30769348144531,1.541260004043579,81.27472686767578,1.4185116291046143,94.06593322753906,1.641760230064392,0.6868131868131868,0.006868131868131868,-0.39250558614730835,-1.6068296432495117,1.4699277877807617,1.4137187004089355,1.6555627584457397,0.001599043607711792,-22.48891258239746,-0.39250556975601625,-92.0645523071289,-1.6068295621339412,84.30769348144531,1.4714468360133817,81.00010681152344,1.41371855832817,94.85675048828125,1.6555626137632466,0.1599043607711792,0.001599043607711792,False,False,0.0,0.0,0.0,0.0,0.0,0.0,0.0,0.0,0.0870361328125,0.0870361328125,0.0,0.0,0.0,0.0,0.0,0.0
5,322,12.270560436998494,12.281590795959346,False,-22.285715103149414,-0.3889591097831726,-92.52747344970703,-1.614909052848816,88.30769348144531,1.541260004043579,81.27472686767578,1.4185116291046143,94.06593322753906,1.641760230064392,0.6868131868131868,0.006868131868131868,-0.3840358853340149,-1.5160439014434814,1.3316956758499146,1.4383115768432617,1.658935785293579,0.0028394386172294617,-22.003633499145508,-0.38403585196221,-88.52747344970703,-1.5450958901692504,84.30769348144531,1.4714468360133817,82.4091796875,1.4383115194145066,95.05001068115234,1.6589356404418865,0.28394386172294617,0.0028394386172294617,False,False,0.0,0.0,0.0,0.0,0.0,1.6645584106445312,1.6645584106445312,0.0,8.007156372070312,8.007156372070312,0.0,0.0,0.0,0.0,0.0,0.0
5,323,12.303840392967686,12.31467586196959,False,-22.285715103149414,-0.3889591097831726,-92.61538696289062,-1.616443395614624,88.13186645507812,1.5381911993026733,81.27472686767578,1.4185116291046143,94.24176025390625,1.6448290348052979,0.6868131868131868,0.006868131868131868,-0.3820560574531555,-1.5259031057357788,1.3431832790374756,1.4457677602767944,1.6567249298095703,0.0021399259567260742,-21.89019775390625,-0.3820560247183315,-88.61538696289062,-1.5466302704312995,84.13186645507812,1.4683780754892832,82.83638763427734,1.445767704676456,94.92333984375,1.6567248172629572,0.21399259567260742,0.0021399259567260742,False,False,0.0,0.0,0.0,0.0,0.0,1.1875839233398438,1.1875839233398438,0.0,7.1731414794921875,7.1731414794921875,0.0,0.0,0.0,0.0,0.0,0.0
5,324,12.337426963960752,12.349508014973253,False,-22.285715103149414,-0.3889591097831726,-92.61538696289062,-1.616443395614624,87.95604705810547,1.5351226329803467,81.36264038085938,1.4200459718704224,94.4175796508789,1.6478976011276245,0.6868131868131868,0.006868131868131868,-0.38922369480133057,-1.4563978910446167,1.2850960493087769,1.4514062404632568,1.6548736095428467,0.0014759302139282227,-22.300874710083008,-0.3892236897656844,-88.61538696289062,-1.5466302704312995,83.95604705810547,1.4653094481232396,83.1594467163086,1.451406149336372,94.81726837158203,1.6548735208311887,0.14759302139282227,0.0014759302139282227,False,False,0.0,0.0,0.0,0.0,0.0,5.1699371337890625,5.1699371337890625,0.0,10.325469970703125,10.325469970703125,0.0,0.0,0.0,0.0,0.0,0.0
5,325,12.370562220923603,12.381673726951703,False,-22.285715103149414,-0.3889591097831726,-91.12088012695312,-1.5903593301773071,87.69230651855469,1.5305194854736328,81.97801971435547,1.430786371231079,94.4175796508789,1.6478976011276245,0.6868131868131868,0.006868131868131868,-0.4009656310081482,-1.4156157970428467,1.251112937927246,1.4510045051574707,1.6511603593826294,0.002353467047214508,-22.973636627197266,-0.40096560030135736,-87.12088012695312,-1.5205462054506276,83.69230651855469,1.460706307337092,83.13642883300781,1.4510044114859333,94.6045150756836,1.6511602753232912,0.2353467047214508,0.002353467047214508,False,False,0.0,0.0,0.0,0.0,0.0,6.012077331542969,6.012077331542969,0.0,12.008819580078125,12.008819580078125,0.0,0.0,0.0,0.0,0.0,0.0
5,326,12.404261878924444,12.41730510594789,False,-22.285715103149414,-0.3889591097831726,-89.71428680419922,-1.565809726715088,87.69230651855469,1.5305194854736328,82.4175796508789,1.4384580850601196,94.4175796508789,1.6478976011276245,0.6868131868131868,0.006868131868131868,-0.41970503330230713,-1.287003755569458,1.1659196615219116,1.4431802034378052,1.6523709297180176,0.002925880253314972,-24.047325134277344,-0.4197049998907272,-85.71428680419922,-1.4959965207320045,83.69230651855469,1.460706307337092,82.6881332397461,1.443180177361335,94.67387390136719,1.6523708151967866,0.2925880253314972,0.002925880253314972,False,False,0.0,0.0,0.0,0.0,0.0,11.974411010742188,11.974411010742188,0.0,16.890037536621094,16.890037536621094,0.0,0.0,0.0,0.0,0.0,0.0
5,327,12.43785492295865,12.45175633893814,False,-22.19780158996582,-0.3874247074127197,-89.0988998413086,-1.5550692081451416,87.51648712158203,1.5274507999420166,82.5054931640625,1.4399925470352173,94.85713958740234,1.6555694341659546,0.6868131868131868,0.006868131868131868,-0.4079408645629883,-1.2933354377746582,1.1782556772232056,1.4450091123580933,1.6511502265930176,0.0035454481840133667,-23.373289108276367,-0.407940851959952,-85.0988998413086,-1.485255992055715,83.51648712158203,1.4576376799710482,82.79291534423828,1.4450089700818924,94.60393524169922,1.651150155311149,0.35454481840133667,0.0035454481840133667,False,False,0.0,0.0,0.0,0.0,0.0,10.996238708496094,10.996238708496094,0.0,16.007415771484375,16.007415771484375,0.0,0.0,0.0,0.0,0.0,0.0
5,328,12.471373913926072,12.485083651961759,False,-22.901098251342773,-0.3996995687484741,-88.57142639160156,-1.5458630323410034,87.42857360839844,1.5259164571762085,82.4175796508789,1.4384580850601196,94.76923370361328,1.6540350914001465,0.6868131868131868,0.006868131868131868,-0.4169519543647766,-1.2167150974273682,1.1230088472366333,1.4408149719238281,1.6453176736831665,0.002661757171154022,-23.889585494995117,-0.41695192382434415,-84.57142639160156,-1.4760498436414746,83.42857360839844,1.456103299708999,82.5526123046875,1.4408148908391811,94.2697525024414,1.6453175662077664,0.2661757171154022,0.002661757171154022,False,False,0.0,0.0,0.0,0.0,0.0,14.858787536621094,14.858787536621094,0.0,19.08490753173828,19.08490753173828,0.0,0.0,0.0,0.0,0.0,0.0
5,329,12.504681605962105,12.515184078947641,False,-23.69230842590332,-0.4135087728500366,-87.34066009521484,-1.5243821144104004,87.34066009521484,1.5243821144104004,82.06593322753906,1.4323207139968872,94.94505310058594,1.6571037769317627,0.6868131868131868,0.006868131868131868,-0.4239661693572998,-1.207129955291748,1.1496174335479736,1.423485279083252,1.6465554237365723,0.003448083996772766,-24.291471481323242,-0.42396615750339484,-83.34066009521484,-1.45456891944695,83.34066009521484,1.45456891944695,81.5596923828125,1.4234851689938175,94.34066772460938,1.6465552703243806,0.3448083996772766,0.003448083996772766,False,False,0.0,0.0,0.0,0.0,0.0,14.177215576171875,14.177215576171875,0.0,17.472434997558594,17.472434997558594,0.0,0.0,0.0,0.0,0.0,0.0
5,330,12.537998917978257,12.700157061917707,False,-23.428571701049805,-0.4089057147502899,-86.54945373535156,-1.510572910308838,87.34066009521484,1.5243821144104004,81.97801971435547,1.430786371231079,94.94505310058594,1.6571037769317627,0.6868131868131868,0.006868131868131868,-0.4233797788619995,-1.4808495044708252,1.4277604818344116,1.4210319519042969,1.6637884378433228,0.003201112151145935,-24.25787353515625,-0.423379762720873,-84.84642028808594,-1.4808493925580153,83.34066009521484,1.45456891944695,81.41912841796875,1.4210318649976366,95.32804870605469,1.6637883194221745,0.3201112151145935,0.003201112151145935,False,False,0.0,0.0,0.0,0.0,0.0,0.0,0.0,0.0,1.5360183715820312,1.5360183715820312,0.0,0.0,0.0,0.0,0.0,0.0
5,331,12.70166423090268,12.71296907600481,False,-23.78022003173828,-0.4150431454181671,-84.61538696289062,-1.4768171310424805,87.25274658203125,1.5228476524353027,81.71428680419922,1.4261833429336548,94.94505310058594,1.6571037769317627,0.6868131868131868,0.006868131868131868,-0.40585100650787354,-1.5580658912658691,1.4804185628890991,1.4226653575897217,1.6559875011444092,0.003634914755821228,-23.25354766845703,-0.40585096958402594,-88.61538696289062,-1.5466302704312995,84.82173156738281,1.4804184930936406,81.5127182006836,1.4226653148522368,94.88108825683594,1.6559873879571143,0.3634914755821228,0.003634914755821228,False,False,0.0,0.0,0.0,0.0,0.0,0.6552047729492188,0.6552047729492188,0.0,0.0,0.0,0.0,0.0,0.0,0.0,0.0,0.0
5,332,12.734960875008255,12.745385864982381,False,-24.21977996826172,-0.42271488904953003,-84.43955993652344,-1.4737483263015747,87.25274658203125,1.5228476524353027,81.71428680419922,1.4261833429336548,94.94505310058594,1.6571037769317627,0.6868131868131868,0.006868131868131868,-0.3999481201171875,-1.6081783771514893,1.5182934999465942,1.4198957681655884,1.6594551801681519,0.003660254180431366,-22.91533851623535,-0.399948106317379,-88.43955993652344,-1.5435615099072013,86.99180603027344,1.5182934374845294,81.3540267944336,1.4198956273185543,95.07977294921875,1.6594550900125065,0.3660254180431366,0.003660254180431366,False,False,0.0,0.0,0.0,0.0,0.0,3.7022705078125,3.7022705078125,0.0,0.0,0.0,0.0,0.0,0.0,0.0,0.0,0.0
5,333,12.76844767096918,12.779724853928201,False,-24.21977996826172,-0.42271488904953003,-84.87911987304688,-1.4814200401306152,87.16483306884766,1.5213133096694946,81.71428680419922,1.4261833429336548,94.94505310058594,1.6571037769317627,0.6868131868131868,0.006868131868131868,-0.3979872465133667,-1.6066309213638306,1.5270936489105225,1.4129605293273926,1.657043695449829,0.002307906746864319,-22.802988052368164,-0.39798722080675364,-88.87911987304688,-1.5512332780593925,87.49601745605469,1.5270935869905873,80.95667266845703,1.412960489523879,94.94160461425781,1.6570435976454398,0.23079067468643188,0.002307906746864319,False,False,0.0,0.0,0.0,0.0,0.0,3.1740493774414062,3.1740493774414062,0.0,0.0,0.0,0.0,0.0,0.0,0.0,0.0,0.0
5,334,12.802018960937858,12.812443388975225,False,-23.340660095214844,-0.4073713719844818,-86.28571319580078,-1.505969762802124,87.34066009521484,1.5243821144104004,81.97801971435547,1.430786371231079,94.76923370361328,1.6540350914001465,0.6868131868131868,0.006868131868131868,-0.39632683992385864,-1.625154733657837,1.5267565250396729,1.4165652990341187,1.6568809747695923,0.003426752984523773,-22.707853317260742,-0.39632680644611645,-90.28571319580078,-1.5757829627780156,87.47669982910156,1.5267564307965833,81.1632080078125,1.4165652112173557,94.93228149414062,1.656880878502836,0.3426752984523773,0.003426752984523773,False,False,0.0,0.0,0.0,0.0,0.0,2.8287887573242188,2.8287887573242188,0.0,0.0,0.0,0.0,0.0,0.0,0.0,0.0,0.0
5,335,12.835167275974527,12.84853304293938,False,-22.989011764526367,-0.4012339413166046,-87.6043930053711,-1.5289851427078247,87.86813354492188,1.533588171005249,82.15384674072266,1.4338550567626953,94.5934066772461,1.6509664058685303,0.6868131868131868,0.006868131868131868,-0.39640218019485474,-1.6206278800964355,1.527595043182373,1.4105448722839355,1.6527764797210693,0.00436178594827652,-22.71217155456543,-0.3964021739049657,-91.6043930053711,-1.5987982672345893,87.52474212646484,1.5275949270657947,80.8182601928711,1.4105447360990682,94.69711303710938,1.6527764146308057,0.436178594827652,0.00436178594827652,False,False,0.0,0.0,0.0,0.0,0.0,1.2507400512695312,1.2507400512695312,0.0,0.0,0.0,0.0,0.0,0.0,0.0,0.0,0.0
5,336,12.869022736907937,12.879645378910936,False,-23.25274658203125,-0.4058369994163513,-87.95604705810547,-1.5351226329803467,88.04395294189453,1.5366568565368652,81.89010620117188,1.4292519092559814,94.68132019042969,1.6525007486343384,0.6868131868131868,0.006868131868131868,-0.39437735080718994,-1.630690336227417,1.5397690534591675,1.4097533226013184,1.6553423404693604,0.004295580089092255,-22.59615707397461,-0.39437733923866486,-91.95604705810547,-1.604935788282786,88.2222671508789,1.5397690353568738,80.77291107177734,1.4097532446230965,94.84412384033203,1.6553422371830426,0.42955800890922546,0.004295580089092255,False,False,0.0,0.0,0.0,0.0,0.0,1.4756240844726562,1.4756240844726562,0.0,0.0,0.0,0.0,0.0,0.0,0.0,0.0,0.0
5,337,12.902378242928535,12.914176506921649,False,-23.428571701049805,-0.4089057147502899,-89.010986328125,-1.553534746170044,88.04395294189453,1.5366568565368652,81.71428680419922,1.4261833429336548,94.5934066772461,1.6509664058685303,0.6868131868131868,0.006868131868131868,-0.402260422706604,-1.6292226314544678,1.539425253868103,1.4093952178955078,1.654959797859192,0.002993255853652954,-23.047822952270508,-0.4022603959338403,-93.010986328125,-1.6233479519532121,88.20256805419922,1.5394252212601447,80.75239562988281,1.4093951826145354,94.82220458984375,1.6549596740924528,0.2993255853652954,0.002993255853652954,False,False,0.0,0.0,0.0,0.0,0.0,0.33658599853515625,0.33658599853515625,0.0,0.0,0.0,0.0,0.0,0.0,0.0,0.0,0.0
5,338,12.935674395994283,12.949138467898592,False,-23.16483497619629,-0.4043026268482208,-90.85713958740234,-1.5857561826705933,88.30769348144531,1.541260004043579,81.62637329101562,1.4246490001678467,94.5934066772461,1.6509664058685303,0.6868131868131868,0.006868131868131868,-0.3965369462966919,-1.6343567371368408,1.5360448360443115,1.4096287488937378,1.6508197784423828,0.003292858600616455,-22.719892501831055,-0.3965369298561237,-93.64173889160156,-1.6343566609512727,88.00888061523438,1.5360447377304527,80.7657699584961,1.4096286086840808,94.58499908447266,1.65081965701987,0.3292858600616455,0.003292858600616455,False,False,0.0,0.0,0.0,0.0,0.0,0.0,0.0,0.0,0.0,0.0,0.0,0.0,0.0,0.0,0.0,0.0
5,339,12.968960947007872,12.999383780988865,False,-22.72527503967285,-0.3966308832168579,-91.47252655029297,-1.5964967012405396,88.48351287841797,1.5443285703659058,81.62637329101562,1.4246490001678467,94.5054931640625,1.6494320631027222,0.6868131868131868,0.006868131868131868,-0.39482927322387695,-1.635172724723816,1.5209603309631348,1.411848545074463,1.656948447227478,0.0028139501810073853,-22.62204933166504,-0.39482924438613765,-93.68849182128906,-1.635172653509273,87.14459991455078,1.5209601938420803,80.89295959472656,1.4118484866107164,94.93614959716797,1.6569483896364694,0.2813950181007385,0.0028139501810073853,False,False,0.0,0.0,0.0,0.0,0.0,0.0,0.0,0.0,0.0,0.0,0.0,0.0,0.0,0.0,0.0,0.0
5,340,13.002518341992982,13.01256223290693,False,-22.72527503967285,-0.3966308832168579,-91.56044006347656,-1.5980311632156372,88.57142639160156,1.5458630323410034,81.62637329101562,1.4246490001678467,94.5054931640625,1.6494320631027222,0.6868131868131868,0.006868131868131868,-0.3970410227775574,-1.6377781629562378,1.5281912088394165,1.4131591320037842,1.6566466093063354,0.0022405385971069336,-22.7487735748291,-0.39704099967144846,-93.8377685546875,-1.6377780240036974,87.55889892578125,1.528191075675809,80.96804809570312,1.4131590281831443,94.91885375976562,1.656646520326909,0.22405385971069336,0.0022405385971069336,False,False,0.0,0.0,0.0,0.0,0.0,0.0,0.0,0.0,0.0,0.0,0.0,0.0,0.0,0.0,0.0,0.0
5,341,13.035870988969691,13.055002865963615,False,-22.901098251342773,-0.3996995687484741,-92.61538696289062,-1.616443395614624,88.57142639160156,1.5458630323410034,81.62637329101562,1.4246490001678467,94.5054931640625,1.6494320631027222,0.6868131868131868,0.006868131868131868,-0.3992763161659241,-1.6348130702972412,1.5191521644592285,1.4125385284423828,1.656516194343567,0.003251098096370697,-22.876846313476562,-0.39927629064289283,-93.66788482666016,-1.6348129936040579,87.04100036621094,1.519152040619971,80.9324951171875,1.4125385116491558,94.91138458251953,1.6565161585915495,0.3251098096370697,0.003251098096370697,False,False,0.0,0.0,0.0,0.0,0.0,0.0,0.0,0.0,0.0,0.0,0.0,0.0,0.0,0.0,0.0,0.0
5,342,13.069343916955404,13.081236421014182,False,-22.989011764526367,-0.4012339413166046,-93.4065933227539,-1.6302525997161865,88.57142639160156,1.5458630323410034,81.62637329101562,1.4246490001678467,94.5054931640625,1.6494320631027222,0.6868131868131868,0.006868131868131868,-0.4007447361946106,-1.6153788566589355,1.497586727142334,1.4129509925842285,1.6594421863555908,0.002743050456047058,-22.960981369018555,-0.40074472437844894,-92.55438232421875,-1.615378708707259,85.8053970336914,1.497586694218891,80.95612335205078,1.4129509021439546,95.07902526855469,1.6594420405231651,0.2743050456047058,0.002743050456047058,False,False,0.0,0.0,0.0,0.0,0.0,0.0,0.0,0.0,0.0,0.0,0.0,0.0,0.0,0.0,0.0,0.0
5,343,13.103707758942619,13.137272942927666,False,-23.076923370361328,-0.4027682840824127,-93.31867980957031,-1.6287182569503784,88.57142639160156,1.5458630323410034,81.62637329101562,1.4246490001678467,94.5054931640625,1.6494320631027222,0.6868131868131868,0.006868131868131868,-0.396426796913147,-1.6200796365737915,1.5185240507125854,1.409391164779663,1.6535491943359375,0.0029722899198532104,-22.713581085205078,-0.3964267748555353,-92.82372283935547,-1.6200795875054124,87.00501251220703,1.518523934076876,80.75215911865234,1.4093910547148458,94.74138641357422,1.6535491308210923,0.29722899198532104,0.0029722899198532104,False,False,0.0,0.0,0.0,0.0,0.0,0.0,0.0,0.0,0.0,0.0,0.0,0.0,0.0,0.0,0.0,0.0
5,344,13.138974000932649,13.151359782903455,False,-23.076923370361328,-0.4027682840824127,-92.87911987304688,-1.6210464239120483,88.57142639160156,1.5458630323410034,81.62637329101562,1.4246490001678467,94.5054931640625,1.6494320631027222,0.6868131868131868,0.006868131868131868,-0.3892328143119812,-1.6395020484924316,1.5289607048034668,1.4101237058639526,1.6528464555740356,0.0038156509399414062,-22.301395416259766,-0.3892327778029043,-93.9365463256836,-1.6395020213353604,87.60298919677734,1.5289605960727872,80.79413604736328,1.4101236903307266,94.70111846923828,1.6528463226094203,0.3815650939941406,0.0038156509399414062,False,False,0.0,0.0,0.0,0.0,0.0,0.0,0.0,0.0,0.0,0.0,0.0,0.0,0.0,0.0,0.0,0.0
5,345,13.172391303931363,13.185454836930148,False,-22.989011764526367,-0.4012339413166046,-92.70330047607422,-1.6179778575897217,88.57142639160156,1.5458630323410034,81.62637329101562,1.4246490001678467,94.5054931640625,1.6494320631027222,0.6868131868131868,0.006868131868131868,-0.3944544196128845,-1.6429864168167114,1.5238633155822754,1.4104145765304565,1.6527013778686523,0.0042076632380485535,-22.60057258605957,-0.394454404462709,-94.13618469238281,-1.6429863681475656,87.31092834472656,1.5238631725883212,80.81079864501953,1.4104145075217631,94.69281005859375,1.6527013134880655,0.42076632380485535,0.0042076632380485535,False,False,0.0,0.0,0.0,0.0,0.0,0.0,0.0,0.0,0.0,0.0,0.0,0.0,0.0,0.0,0.0,0.0
5,346,13.205932157929055,13.219826365006156,False,-22.901098251342773,-0.3996995687484741,-92.96703338623047,-1.6225807666778564,88.57142639160156,1.5458630323410034,81.62637329101562,1.4246490001678467,94.5054931640625,1.6494320631027222,0.6868131868131868,0.006868131868131868,-0.4012644290924072,-1.6113840341567993,1.5062922239303589,1.4143608808517456,1.6635525226593018,0.003046371042728424,-22.99075698852539,-0.40126440697566423,-92.32550048828125,-1.6113839670721402,86.30418395996094,1.5062921683481965,81.03690338134766,1.4143607796250426,95.31453704833984,1.6635524965076478,0.3046371042728424,0.003046371042728424,False,False,0.0,0.0,0.0,0.0,0.0,0.0,0.0,0.0,0.0,0.0,0.0,0.0,0.0,0.0,0.0,0.0
5,347,13.23934216296766,13.249762021936476,False,-22.901098251342773,-0.3996995687484741,-93.4945068359375,-1.6317869424819946,88.57142639160156,1.5458630323410034,81.62637329101562,1.4246490001678467,94.5054931640625,1.6494320631027222,0.6868131868131868,0.006868131868131868,-0.3847612142562866,-1.630524754524231,1.5023269653320312,1.4139649868011475,1.6559830904006958,0.003603436052799225,-22.04519271850586,-0.3847611971746067,-93.42218017578125,-1.6305246384587577,86.07698822021484,1.502326854643123,81.01422119140625,1.4139649007290023,94.8808364868164,1.6559829937413157,0.3603436052799225,0.003603436052799225,False,False,0.0,0.0,0.0,0.0,0.0,0.0,0.0,0.0,0.0,0.0,0.0,0.0,0.0,0.0,0.0,0.0
5,348,13.272802956984378,13.286182262003422,False,-22.901098251342773,-0.3996995687484741,-93.75823974609375,-1.636389970779419,88.57142639160156,1.5458630323410034,81.62637329101562,1.4246490001678467,94.5054931640625,1.6494320631027222,0.6868131868131868,0.006868131868131868,-0.3904281258583069,-1.5877037048339844,1.4140440225601196,1.4244160652160645,1.665164828300476,0.00231952965259552,-22.369882583618164,-0.3904281043686727,-90.96871948242188,-1.5877036712913737,84.57142639160156,1.4760498436414746,81.61302185058594,1.4244159437948003,95.40691375732422,1.6651647742315818,0.231952965259552,0.00231952965259552,False,False,0.0,0.0,0.0,0.0,0.0,0.0,0.0,0.0,3.55267333984375,3.55267333984375,0.0,0.0,0.0,0.0,0.0,0.0
5,349,13.306478342972696,13.318147748941556,False,-22.901098251342773,-0.3996995687484741,-93.4065933227539,-1.6302525997161865,88.57142639160156,1.5458630323410034,81.62637329101562,1.4246490001678467,94.5054931640625,1.6494320631027222,0.6868131868131868,0.006868131868131868,-0.38827335834503174,-1.6056703329086304,1.4485623836517334,1.4188899993896484,1.658613681793213,0.005435779690742493,-22.246423721313477,-0.3882733407306896,-91.99813079833984,-1.6056702881114298,84.57142639160156,1.4760498436414746,81.29640197753906,1.418889884532886,95.03155517578125,1.6586135311080414,0.5435779690742493,0.005435779690742493,False,False,0.0,0.0,0.0,0.0,0.0,0.0,0.0,0.0,1.574920654296875,1.574920654296875,0.0,0.0,0.0,0.0,0.0,0.0
5,350,13.340279632946476,13.352559988969006,False,-22.72527503967285,-0.3966308832168579,-93.05494689941406,-1.624115228652954,88.57142639160156,1.5458630323410034,81.62637329101562,1.4246490001678467,94.5054931640625,1.6494320631027222,0.6868131868131868,0.006868131868131868,-0.40821540355682373,-1.439527153968811,1.2712318897247314,1.4347928762435913,1.6693980693817139,0.003354474902153015,-23.389019012451172,-0.40821539057882555,-89.05494689941406,-1.554302038583491,84.57142639160156,1.4760498436414746,82.20757293701172,1.4347928178242395,95.64945983886719,1.6693980019423174,0.3354474902153015,0.003354474902153015,False,False,0.0,0.0,0.0,0.0,0.0,6.576118469238281,6.576118469238281,0.0,11.735206604003906,11.735206604003906,0.0,0.0,0.0,0.0,0.0,0.0
5,351,13.373651696951129,13.384973058011383,False,-22.373626708984375,-0.3904934525489807,-92.61538696289062,-1.616443395614624,88.3956069946289,1.5427943468093872,81.62637329101562,1.4246490001678467,94.5934066772461,1.6509664058685303,0.6868131868131868,0.006868131868131868,-0.4028831124305725,-1.3011125326156616,1.17296302318573,1.4482208490371704,1.6663193702697754,0.0036826878786087036,-23.083499908447266,-0.4028830762862144,-88.61538696289062,-1.5466302704312995,84.3956069946289,1.4729812162754308,82.97693634033203,1.448220742356528,95.47306060791016,1.6663192545641312,0.36826878786087036,0.0036826878786087036,False,False,0.0,0.0,0.0,0.0,0.0,14.067131042480469,14.067131042480469,0.0,17.189781188964844,17.189781188964844,0.0,0.0,0.0,0.0,0.0,0.0
5,352,13.407214675913565,13.418651690008119,False,-22.285715103149414,-0.3889591097831726,-92.52747344970703,-1.614909052848816,88.3956069946289,1.5427943468093872,81.62637329101562,1.4246490001678467,94.5934066772461,1.6509664058685303,0.6868131868131868,0.006868131868131868,-0.401442289352417,-1.2344890832901,1.1242663860321045,1.4586988687515259,1.6602121591567993,0.004433557391166687,-23.000947952270508,-0.40144227284696793,-88.52747344970703,-1.5450958901692504,84.3956069946289,1.4729812162754308,83.57728576660156,1.4586988165073904,95.1231460571289,1.6602120935523614,0.4433557391166687,0.004433557391166687,False,False,0.0,0.0,0.0,0.0,0.0,17.796463012695312,17.796463012695312,0.0,19.979888916015625,19.979888916015625,0.0,0.0,0.0,0.0,0.0,0.0
5,353,13.44096414395608,13.452680827002041,False,-22.989011764526367,-0.4012339413166046,-91.38461303710938,-1.5949623584747314,88.3956069946289,1.5427943468093872,82.15384674072266,1.4338550567626953,94.5934066772461,1.6509664058685303,0.6868131868131868,0.006868131868131868,-0.41060566902160645,-1.113095760345459,1.0559167861938477,1.4616632461547852,1.6559913158416748,0.003520481288433075,-23.525970458984375,-0.41060564423619894,-87.38461303710938,-1.5251492130787205,84.3956069946289,1.4729812162754308,83.74713134765625,1.4616631811167575,94.88130950927734,1.655991249540695,0.3520481288433075,0.003520481288433075,False,False,0.0,0.0,0.0,0.0,0.0,23.608928680419922,23.608928680419922,0.0,23.896034240722656,23.896034240722656,0.0,0.0,0.0,0.0,0.0,0.0
5,354,13.474479041993618,13.486267782980576,False,-23.25274658203125,-0.4058369994163513,-90.15384674072266,-1.5734814405441284,88.3956069946289,1.5427943468093872,82.5054931640625,1.4399925470352173,95.12088012695312,1.6601725816726685,0.6868131868131868,0.006868131868131868,-0.4189199209213257,-1.1303948163986206,1.0191153287887573,1.4435025453567505,1.6498440504074097,0.0038490667939186096,-24.002342224121094,-0.4189199000013718,-86.15384674072266,-1.503668288884196,84.3956069946289,1.4729812162754308,82.70659637451172,1.4435024198532347,94.52909851074219,1.6498440079545196,0.38490667939186096,0.0038490667939186096,False,False,0.0,0.0,0.0,0.0,0.0,21.387001037597656,21.387001037597656,0.0,26.00460433959961,26.00460433959961,0.0,0.0,0.0,0.0,0.0,0.0
5,355,13.508471334003843,13.521382233942859,False,-22.901098251342773,-0.3996995687484741,-89.62637329101562,-1.5642752647399902,88.3956069946289,1.5427943468093872,82.4175796508789,1.4384580850601196,95.12088012695312,1.6601725816726685,0.6868131868131868,0.006868131868131868,-0.4305320978164673,-1.1101127862930298,1.0400820970535278,1.4377080202102661,1.6494585275650024,0.0045256465673446655,-24.66767120361328,-0.4305320813024443,-85.62637329101562,-1.4944621404699554,84.3956069946289,1.4729812162754308,82.37459564208984,1.4377079139534403,94.50700378417969,1.6494583822286761,0.45256465673446655,0.0045256465673446655,False,False,0.0,0.0,0.0,0.0,0.0,22.02159881591797,22.02159881591797,0.0,24.803295135498047,24.803295135498047,0.0,0.0,0.0,0.0,0.0,0.0
5,356,13.541515254997648,13.554783317958936,False,-23.076923370361328,-0.4027682840824127,-88.74725341796875,-1.5489317178726196,88.21977996826172,1.539725661277771,82.5054931640625,1.4399925470352173,95.03296661376953,1.6586381196975708,0.6868131868131868,0.006868131868131868,-0.4354258179664612,-1.1484934091567993,1.0486760139465332,1.4327675104141235,1.642307162284851,0.0054834261536598206,-24.948060989379883,-0.43542580625303307,-84.74725341796875,-1.4791186041655728,84.21977996826172,1.4699124557513326,82.0915298461914,1.4327674838152342,94.0972671508789,1.6423071289115407,0.5483426153659821,0.0054834261536598206,False,False,0.0,0.0,0.0,0.0,0.0,18.943435668945312,18.943435668945312,0.0,24.135074615478516,24.135074615478516,0.0,0.0,0.0,0.0,0.0,0.0
5,357,13.575236083008349,13.587955463910475,False,-24.131868362426758,-0.4211805462837219,-87.86813354492188,-1.533588171005249,87.95604705810547,1.5351226329803467,82.24176025390625,1.435389518737793,95.03296661376953,1.6586381196975708,0.6868131868131868,0.006868131868131868,-0.44222867488861084,-1.069670557975769,1.0096789598464966,1.4342626333236694,1.6548056602478027,0.0055567920207977295,-25.33783531188965,-0.4422286515205587,-83.86813354492188,-1.4637750678611903,83.95604705810547,1.4653094481232396,82.17719268798828,1.4342625824512047,94.8133773803711,1.6548056102233917,0.555679202079773,0.0055567920207977295,False,False,0.0,0.0,0.0,0.0,0.0,22.580528259277344,22.580528259277344,0.0,26.105709075927734,26.105709075927734,0.0,0.0,0.0,0.0,0.0,0.0
5,358,13.608830772922374,13.62201439391356,False,-24.571428298950195,-0.4288523197174072,-87.16483306884766,-1.5213133096694946,87.69230651855469,1.5305194854736328,82.24176025390625,1.435389518737793,94.94505310058594,1.6571037769317627,0.6868131868131868,0.006868131868131868,-0.43286168575286865,-1.0664125680923462,0.9974546432495117,1.427200436592102,1.6488429307937622,0.004868209362030029,-24.801145553588867,-0.4328616481764775,-83.16483306884766,-1.4515001589228516,83.69230651855469,1.460706307337092,81.7725601196289,1.4272004118725325,94.47173309326172,1.6488427925427043,0.48682093620300293,0.004868209362030029,False,False,0.0,0.0,0.0,0.0,0.0,22.06389617919922,22.06389617919922,0.0,26.542369842529297,26.542369842529297,0.0,0.0,0.0,0.0,0.0,0.0
5,359,13.642530771903694,13.654148797970265,False,-24.21977996826172,-0.42271488904953003,-86.28571319580078,-1.505969762802124,87.51648712158203,1.5274507999420166,82.24176025390625,1.435389518737793,94.94505310058594,1.6571037769317627,0.6868131868131868,0.006868131868131868,-0.44837486743927,-0.9526978731155396,0.9226800203323364,1.4292768239974976,1.6434428691864014,0.0038587749004364014,-25.689985275268555,-0.44837482784229804,-82.28571319580078,-1.436156622618469,83.51648712158203,1.4576376799710482,81.89152526855469,1.4292767454164128,94.16233825683594,1.643442833958405,0.38587749004364014,0.0038587749004364014,False,False,0.0,0.0,0.0,0.0,0.0,27.700149536132812,27.700149536132812,0.0,30.65081787109375,30.65081787109375,0.0,0.0,0.0,0.0,0.0,0.0
5,360,13.675718765938655,13.839923500898294,False,-24.483516693115234,-0.4273179769515991,-85.4945068359375,-1.492160677909851,87.25274658203125,1.5228476524353027,82.06593322753906,1.4323207139968872,94.94505310058594,1.6571037769317627,0.6868131868131868,0.006868131868131868,-0.4235115051269531,-1.5375418663024902,1.4676696062088013,1.4260393381118774,1.6701130867004395,0.0054994672536849976,-24.26542091369629,-0.42351148932629107,-88.09465789794922,-1.5375418337372406,84.09127044677734,1.4676695414812677,81.7060317993164,1.426039273637258,95.6904296875,1.6701130606950036,0.5499467253684998,0.0054994672536849976,False,False,0.0,0.0,0.0,0.0,0.0,0.0,0.0,0.0,0.0,0.0,0.0,0.0,0.0,0.0,0.0,0.0
5,361,13.841416623909026,13.853351066936739,False,-25.010988235473633,-0.43652409315109253,-83.64835357666016,-1.4599391222000122,86.72527313232422,1.513641595840454,81.80220031738281,1.427717685699463,94.94505310058594,1.6571037769317627,0.6868131868131868,0.006868131868131868,-0.4164956212043762,-1.566119909286499,1.505121111869812,1.4236282110214233,1.6624116897583008,0.004048466682434082,-23.863439559936523,-0.41649559117155904,-87.64835357666016,-1.5297523538648679,86.2370834350586,1.505121043258834,81.56788635253906,1.423628180744355,95.2491683959961,1.6624115982966579,0.4048466682434082,0.004048466682434082,False,False,0.0,0.0,0.0,0.0,0.0,2.0837020874023438,2.0837020874023438,0.0,0.0,0.0,0.0,0.0,0.0,0.0,0.0,0.0
5,362,13.8751931959996,13.886780434986576,False,-25.186813354492188,-0.43959280848503113,-83.64835357666016,-1.4599391222000122,86.72527313232422,1.513641595840454,81.80220031738281,1.427717685699463,94.94505310058594,1.6571037769317627,0.6868131868131868,0.006868131868131868,-0.4113925099372864,-1.585036277770996,1.501420021057129,1.4203178882598877,1.65962815284729,0.004739709198474884,-23.57105255126953,-0.41139247518026284,-87.64835357666016,-1.5297523538648679,86.0250244140625,1.5014199151338965,81.37821960449219,1.4203178715093863,95.08968353271484,1.6596280623253072,0.4739709198474884,0.004739709198474884,False,False,0.0,0.0,0.0,0.0,0.0,3.1675338745117188,3.1675338745117188,0.0,0.0,0.0,0.0,0.0,0.0,0.0,0.0,0.0
5,363,13.90879632497672,13.92071664694231,False,-25.36263656616211,-0.4426615238189697,-84.0,-1.4660766124725342,86.72527313232422,1.513641595840454,81.80220031738281,1.427717685699463,95.03296661376953,1.6586381196975708,0.6868131868131868,0.006868131868131868,-0.4169323444366455,-1.584360122680664,1.5025768280029297,1.4212514162063599,1.6641055345535278,0.004257023334503174,-23.88846206665039,-0.4169323163008184,-88.0,-1.53588974175501,86.09130859375,1.5025767923114268,81.43170166015625,1.4212513094714592,95.34622192382812,1.6641055019080029,0.4257023334503174,0.004257023334503174,False,False,0.0,0.0,0.0,0.0,0.0,2.7771453857421875,2.7771453857421875,0.0,0.0,0.0,0.0,0.0,0.0,0.0,0.0,0.0
5,364,13.94181683997158,13.953490000916645,False,-24.21977996826172,-0.42271488904953003,-85.4945068359375,-1.492160677909851,87.07691955566406,1.5197789669036865,81.97801971435547,1.430786371231079,94.94505310058594,1.6571037769317627,0.6868131868131868,0.006868131868131868,-0.41561925411224365,-1.6042759418487549,1.5084795951843262,1.4176609516143799,1.6619821786880493,0.003874264657497406,-23.813228607177734,-0.41561924472535483,-89.4945068359375,-1.561973806735682,86.42951202392578,1.508479555709533,81.22598266601562,1.4176608356898144,95.22455596923828,1.661982030412828,0.3874264657497406,0.003874264657497406,False,False,0.0,0.0,0.0,0.0,0.0,2.4237289428710938,2.4237289428710938,0.0,0.0,0.0,0.0,0.0,0.0,0.0,0.0,0.0
5,365,13.976850492996164,13.988471797900274,False,-23.868131637573242,-0.4165774881839752,-86.63735961914062,-1.5121071338653564,87.07691955566406,1.5197789669036865,82.32967376708984,1.436923861503601,94.5054931640625,1.6494320631027222,0.6868131868131868,0.006868131868131868,-0.4079180359840393,-1.6048414707183838,1.5005111694335938,1.4137942790985107,1.6620985269546509,0.007294509559869766,-23.371980667114258,-0.4079180153536046,-90.63735961914062,-1.5819203506681576,85.97295379638672,1.500511111411907,81.00444030761719,1.4137941921031283,95.2312240600586,1.6620984105524645,0.7294509559869766,0.007294509559869766,False,False,0.0,0.0,0.0,0.0,0.0,1.3132781982421875,1.3132781982421875,0.0,0.0,0.0,0.0,0.0,0.0,0.0,0.0,0.0
5,366,14.009012677939609,14.02071731700562,False,-24.571428298950195,-0.4288523197174072,-87.42857360839844,-1.5259164571762085,87.07691955566406,1.5197789669036865,82.15384674072266,1.4338550567626953,94.68132019042969,1.6525007486343384,0.6868131868131868,0.006868131868131868,-0.4048340320587158,-1.6320654153823853,1.5330355167388916,1.412387728691101,1.6581997871398926,0.0053253173828125,-23.195280075073242,-0.40483400823226556,-91.42857360839844,-1.5957296398685454,87.83646392822266,1.5330354988567176,80.9238510131836,1.4123876435734029,95.00784301757812,1.6581996758746431,0.53253173828125,0.0053253173828125,False,False,0.0,0.0,0.0,0.0,0.0,2.081878662109375,2.081878662109375,0.0,0.0,0.0,0.0,0.0,0.0,0.0,0.0,0.0
5,367,14.04236401093658,14.053922897903249,False,-24.131868362426758,-0.4211805462837219,-88.13186645507812,-1.5381911993026733,87.07691955566406,1.5197789669036865,81.97801971435547,1.430786371231079,95.12088012695312,1.6601725816726685,0.6868131868131868,0.006868131868131868,-0.4020334482192993,-1.6439961194992065,1.5388489961624146,1.4111976623535156,1.6536715030670166,0.004081889986991882,-23.034818649291992,-0.40203342802993824,-92.13186645507812,-1.6080044156488296,88.16954803466797,1.5388489132002516,80.85566711425781,1.411197610040301,94.7483901977539,1.6536713699151269,0.40818899869918823,0.004081889986991882,False,False,0.0,0.0,0.0,0.0,0.0,2.062164306640625,2.062164306640625,0.0,0.0,0.0,0.0,0.0,0.0,0.0,0.0,0.0
5,368,14.076275830972008,14.087857898906805,False,-23.25274658203125,-0.4058369994163513,-89.27472686767578,-1.5581378936767578,87.16483306884766,1.5213133096694946,81.80220031738281,1.427717685699463,94.5934066772461,1.6509664058685303,0.6868131868131868,0.006868131868131868,-0.41073405742645264,-1.6400283575057983,1.5292073488235474,1.4123767614364624,1.6611117124557495,0.003090962767601013,-23.533327102661133,-0.41073404189025436,-93.27472686767578,-1.6279510927393597,87.61711883544922,1.5292072047897287,80.92322540283203,1.4123767246129335,95.1746826171875,1.6611115762105357,0.3090962767601013,0.003090962767601013,False,False,0.0,0.0,0.0,0.0,0.0,0.6919708251953125,0.6919708251953125,0.0,0.0,0.0,0.0,0.0,0.0,0.0,0.0,0.0
5,369,14.109613871900365,14.12248478201218,False,-23.604394912719727,-0.41197440028190613,-90.94505310058594,-1.587290644645691,87.95604705810547,1.5351226329803467,81.62637329101562,1.4246490001678467,94.5934066772461,1.6509664058685303,0.6868131868131868,0.006868131868131868,-0.4119107723236084,-1.633626937866211,1.5321426391601562,1.4097957611083984,1.6564421653747559,0.0018638074398040771,-23.60074806213379,-0.4119107596179059,-93.59992218017578,-1.6336268216545364,87.7853012084961,1.5321425409432141,80.77534484863281,1.4097957220424833,94.90714263916016,1.6564421227132453,0.18638074398040771,0.0018638074398040771,False,False,0.0,0.0,0.0,0.0,0.0,0.0,0.0,0.0,0.0,0.0,0.0,0.0,0.0,0.0,0.0,0.0
5,370,14.143042700947262,14.154728795983829,False,-23.956043243408203,-0.4181118309497833,-91.20879364013672,-1.5918937921524048,88.13186645507812,1.5381911993026733,81.62637329101562,1.4246490001678467,95.03296661376953,1.6586381196975708,0.6868131868131868,0.006868131868131868,-0.40916651487350464,-1.6256057024002075,1.528490424156189,1.4122591018676758,1.6572175025939941,0.0021262019872665405,-23.443513870239258,-0.40916650527263376,-93.14034271240234,-1.6256056467673268,87.57604217529297,1.5284902818242794,80.9164810180664,1.4122590128927521,94.9515609741211,1.6572173689065675,0.21262019872665405,0.0021262019872665405,False,False,0.0,0.0,0.0,0.0,0.0,0.0,0.0,0.0,0.0,0.0,0.0,0.0,0.0,0.0,0.0,0.0
5,371,14.176795917912386,14.188647661940195,False,-23.78022003173828,-0.4150431454181671,-91.9120864868164,-1.6041685342788696,88.13186645507812,1.5381911993026733,81.62637329101562,1.4246490001678467,94.76923370361328,1.6540350914001465,0.6868131868131868,0.006868131868131868,-0.4116054177284241,-1.6293336153030396,1.5315781831741333,1.4123194217681885,1.6658965349197388,0.0033961161971092224,-23.583251953125,-0.41160539490941467,-93.35393524169922,-1.6293335396612199,87.75296020507812,1.5315780839501718,80.91993713378906,1.4123193334914423,95.44883728027344,1.6658964777410812,0.33961161971092224,0.0033961161971092224,False,False,0.0,0.0,0.0,0.0,0.0,0.0,0.0,0.0,0.0,0.0,0.0,0.0,0.0,0.0,0.0,0.0
5,372,14.209778993972577,14.221457134000957,False,-23.340660095214844,-0.4073713719844818,-92.79120635986328,-1.6195120811462402,88.13186645507812,1.5381911993026733,81.62637329101562,1.4246490001678467,94.5934066772461,1.6509664058685303,0.6868131868131868,0.006868131868131868,-0.41925227642059326,-1.5891499519348145,1.5062745809555054,1.4130494594573975,1.66423499584198,0.002362072467803955,-24.021385192871094,-0.4192522625054137,-91.05158233642578,-1.5891499009213412,86.30316925048828,1.5062744583269474,80.9617691040039,1.4130494391042876,95.3536376953125,1.6642349315369807,0.2362072467803955,0.002362072467803955,False,False,0.0,0.0,0.0,0.0,0.0,0.0,0.0,0.0,0.0,0.0,0.0,0.0,0.0,0.0,0.0,0.0
5,373,14.243305785930716,14.25522400799673,False,-23.340660095214844,-0.4073713719844818,-92.96703338623047,-1.6225807666778564,88.13186645507812,1.5381911993026733,81.62637329101562,1.4246490001678467,94.5934066772461,1.6509664058685303,0.6868131868131868,0.006868131868131868,-0.41362738609313965,-1.593879222869873,1.4939733743667603,1.4166892766952515,1.6615877151489258,0.0026657208800315857,-23.6991024017334,-0.4136273666775437,-91.32254791259766,-1.593879142385104,85.5983657836914,1.4939733172518714,81.1703109741211,1.416689181366099,95.20195770263672,1.6615876162553875,0.26657208800315857,0.0026657208800315857,False,False,0.0,0.0,0.0,0.0,0.0,0.0,0.0,0.0,0.0,0.0,0.0,0.0,0.0,0.0,0.0,0.0
5,374,14.277291453909129,14.289006711915135,False,-23.604394912719727,-0.41197440028190613,-92.79120635986328,-1.6195120811462402,88.13186645507812,1.5381911993026733,81.62637329101562,1.4246490001678467,94.5934066772461,1.6509664058685303,0.6868131868131868,0.006868131868131868,-0.43105363845825195,-1.485069751739502,1.4042798280715942,1.4152206182479858,1.6710700988769531,0.00236530601978302,-24.697553634643555,-0.4310536281124227,-88.79120635986328,-1.5496988977973434,84.13186645507812,1.4683780754892832,81.08616638183594,1.4152205811829748,95.7452621459961,1.6710700676327235,0.236530601978302,0.00236530601978302,False,False,0.0,0.0,0.0,0.0,0.0,3.7029800415039062,3.7029800415039062,0.0,3.6725616455078125,3.6725616455078125,0.0,0.0,0.0,0.0,0.0,0.0
5,375,14.310884422971867,14.322802859940566,False,-23.78022003173828,-0.4150431454181671,-92.17582702636719,-1.6087716817855835,88.13186645507812,1.5381911993026733,81.62637329101562,1.4246490001678467,94.5934066772461,1.6509664058685303,0.6868131868131868,0.006868131868131868,-0.44366806745529175,-1.3629703521728516,1.2815815210342407,1.417523980140686,1.6704370975494385,0.0023594126105308533,-25.420307159423828,-0.4436680568002329,-88.17582702636719,-1.5389585022791084,84.13186645507812,1.4683780754892832,81.2181396484375,1.4175239492097842,95.70899200439453,1.6704370342416117,0.23594126105308533,0.0023594126105308533,False,False,0.0,0.0,0.0,0.0,0.0,10.083381652832031,10.083381652832031,0.0,10.702659606933594,10.702659606933594,0.0,0.0,0.0,0.0,0.0,0.0
5,376,14.345000528963283,14.357477327925153,False,-23.78022003173828,-0.4150431454181671,-91.64835357666016,-1.5995655059814453,88.04395294189453,1.5366568565368652,81.62637329101562,1.4246490001678467,94.5934066772461,1.6509664058685303,0.6868131868131868,0.006868131868131868,-0.4744200110435486,-1.1595157384872437,1.1255334615707397,1.4220829010009766,1.6734052896499634,0.0017827972769737244,-27.182262420654297,-0.4744199773815414,-87.64835357666016,-1.5297523538648679,84.04395294189453,1.4668436952272341,81.4793472290039,1.4220828815218363,95.87905883789062,1.6734052604345595,0.17827972769737244,0.0017827972769737244,False,False,0.0,0.0,0.0,0.0,0.0,21.212997436523438,21.212997436523438,0.0,19.555641174316406,19.555641174316406,0.0,0.0,0.0,0.0,0.0,0.0
5,377,14.377820365945809,14.388154687010683,False,-24.395605087280273,-0.425783634185791,-90.4175796508789,-1.5780844688415527,87.78022003173828,1.532053828239441,81.62637329101562,1.4246490001678467,94.5934066772461,1.6509664058685303,0.6868131868131868,0.006868131868131868,-0.4742547869682312,-1.0815377235412598,1.072188377380371,1.421952486038208,1.6714773178100586,0.001812674105167389,-27.17279624938965,-0.47425476152541557,-86.4175796508789,-1.5082712965122889,83.78022003173828,1.4622406875991412,81.47187042236328,1.4219523866284225,95.76859283447266,1.6714772649633967,0.1812674105167389,0.001812674105167389,False,False,0.0,0.0,0.0,0.0,0.0,24.450035095214844,24.450035095214844,0.0,22.34835433959961,22.34835433959961,0.0,0.0,0.0,0.0,0.0,0.0
5,378,14.411468487000093,14.42323606798891,False,-25.538461685180664,-0.4457302391529083,-89.53845977783203,-1.5627409219741821,87.78022003173828,1.532053828239441,81.62637329101562,1.4246490001678467,94.68132019042969,1.6525007486343384,0.6868131868131868,0.006868131868131868,-0.4710819721221924,-1.0404396057128906,1.0258204936981201,1.423046350479126,1.6677199602127075,0.0033359527587890625,-26.99100685119629,-0.47108193798172243,-85.53845977783203,-1.4929277602079063,83.78022003173828,1.4622406875991412,81.5345458984375,1.4230462800461725,95.55330657958984,1.667719810981404,0.33359527587890625,0.0033359527587890625,False,False,0.0,0.0,0.0,0.0,0.0,25.925662994384766,25.925662994384766,0.0,25.00503921508789,25.00503921508789,0.0,0.0,0.0,0.0,0.0,0.0
5,379,14.44509220297914,14.46300267695915,False,-26.41758155822754,-0.46107378602027893,-88.48351287841797,-1.5443285703659058,87.78022003173828,1.532053828239441,81.62637329101562,1.4246490001678467,94.76923370361328,1.6540350914001465,0.6868131868131868,0.006868131868131868,-0.4819245934486389,-0.92393958568573,0.9408257007598877,1.4261741638183594,1.665510654449463,0.0013605952262878418,-27.61224365234375,-0.4819245655963029,-84.48351287841797,-1.4745154633794253,83.78022003173828,1.4622406875991412,81.71375274658203,1.426174029588416,95.42672729492188,1.6655105856991286,0.13605952262878418,0.0013605952262878418,False,False,0.0,0.0,0.0,0.0,0.0,31.545677185058594,31.545677185058594,0.0,29.874881744384766,29.874881744384766,0.0,0.0,0.0,0.0,0.0,0.0
5,380,14.479049406945705,14.492260052007623,False,-26.505495071411133,-0.4626081585884094,-87.6043930053711,-1.5289851427078247,87.78022003173828,1.532053828239441,81.62637329101562,1.4246490001678467,94.94505310058594,1.6571037769317627,0.6868131868131868,0.006868131868131868,-0.47773534059524536,-0.8932899236679077,0.9080193042755127,1.4295729398727417,1.6638957262039185,0.002018675208091736,-27.372217178344727,-0.4777353133330674,-83.6043930053711,-1.459171927075043,83.78022003173828,1.4622406875991412,81.90849304199219,1.4295728889296297,95.33419799804688,1.6638956448141047,0.20186752080917358,0.002018675208091736,False,False,0.0,0.0,0.0,0.0,0.0,32.42265319824219,32.42265319824219,0.0,31.75455093383789,31.75455093383789,0.0,0.0,0.0,0.0,0.0,0.0
5,381,14.512224168982357,14.525591735960916,False,-26.241758346557617,-0.45800507068634033,-86.9011001586914,-1.5167102813720703,87.78022003173828,1.532053828239441,81.62637329101562,1.4246490001678467,95.03296661376953,1.6586381196975708,0.6868131868131868,0.006868131868131868,-0.48420268297195435,-0.8424781560897827,0.8733332753181458,1.4300484657287598,1.6611295938491821,0.0028767958283424377,-27.742769241333008,-0.4842026668822703,-82.9011001586914,-1.4468971512947586,83.78022003173828,1.4622406875991412,81.93573760986328,1.4300483963422634,95.17571258544922,1.6611295525478937,0.2876795828342438,0.0028767958283424377,False,False,0.0,0.0,0.0,0.0,0.0,34.63066101074219,34.63066101074219,0.0,33.741912841796875,33.741912841796875,0.0,0.0,0.0,0.0,0.0,0.0
5,382,14.5457318269182,14.558697076980025,False,-26.593406677246094,-0.46414250135421753,-85.93406677246094,-1.4998323917388916,87.69230651855469,1.5305194854736328,81.18681335449219,1.4169771671295166,94.76923370361328,1.6540350914001465,0.6868131868131868,0.006868131868131868,-0.4932202696800232,-0.8155382871627808,0.839835524559021,1.4300436973571777,1.6487295627593994,0.0013731643557548523,-28.259437561035156,-0.4932202302018195,-81.93406677246094,-1.430019234728327,83.69230651855469,1.460706307337092,81.93546295166016,1.4300436026523011,94.46524047851562,1.6487294750383215,0.13731643557548523,0.0013731643557548523,False,False,0.0,0.0,0.0,0.0,0.0,35.20716857910156,35.20716857910156,0.0,35.57327651977539,35.57327651977539,0.0,0.0,0.0,0.0,0.0,0.0
5,383,14.579455113969743,14.591870393953286,False,-27.384614944458008,-0.47795170545578003,-85.14286041259766,-1.486023187637329,87.6043930053711,1.5289851427078247,81.0988998413086,1.4154428243637085,95.12088012695312,1.6601725816726685,0.6868131868131868,0.006868131868131868,-0.4964061379432678,-0.7932162284851074,0.8206145763397217,1.4284672737121582,1.6576178073883057,0.0025854408740997314,-28.441974639892578,-0.496406103234854,-81.14286041259766,-1.4162100786859937,83.6043930053711,1.459171927075043,81.84513854980469,1.4284671444450288,94.97450256347656,1.657617775176461,0.25854408740997314,0.0025854408740997314,False,False,0.0,0.0,0.0,0.0,0.0,35.69491958618164,35.69491958618164,0.0,36.58664321899414,36.58664321899414,0.0,0.0,0.0,0.0,0.0,0.0
5,384,14.612834771978669,14.624669328914024,False,-27.824174880981445,-0.48562344908714294,-84.35164642333984,-1.4722139835357666,87.34066009521484,1.5243821144104004,81.0988998413086,1.4154428243637085,95.03296661376953,1.6586381196975708,0.6868131868131868,0.006868131868131868,-0.48583561182022095,-0.8175643086433411,0.7946218252182007,1.4454761743545532,1.6607755422592163,0.0018367022275924683,-27.836328506469727,-0.4858355841046524,-80.35164642333984,-1.4024007894856056,83.34066009521484,1.45456891944695,82.8196792602539,1.4454760885370923,95.15542602539062,1.6607754852809677,0.18367022275924683,0.0018367022275924683,False,False,0.0,0.0,0.0,0.0,0.0,33.508663177490234,33.508663177490234,0.0,37.81218719482422,37.81218719482422,0.0,0.0,0.0,0.0,0.0,0.0
5,385,14.6464698119089,14.6604615469696,False,-27.824174880981445,-0.48562344908714294,-83.47252655029297,-1.456870436668396,87.16483306884766,1.5213133096694946,81.0988998413086,1.4154428243637085,94.94505310058594,1.6571037769317627,0.6868131868131868,0.006868131868131868,-0.4795967936515808,-0.8174216747283936,0.8062725067138672,1.447208046913147,1.656799077987671,0.0030539706349372864,-27.478870391845703,-0.4795967630664919,-79.47252655029297,-1.3870572531812233,83.16483306884766,1.4515001589228516,82.91890716552734,1.447207942193971,94.9275894165039,1.656798986299316,0.30539706349372864,0.0030539706349372864,False,False,0.0,0.0,0.0,0.0,0.0,32.637718200683594,32.637718200683594,0.0,36.96882247924805,36.96882247924805,0.0,0.0,0.0,0.0,0.0,0.0
5,386,14.679609116981737,14.692930241930299,False,-27.736263275146484,-0.48408910632133484,-82.68132019042969,-1.4430612325668335,86.81318664550781,1.5151759386062622,81.27472686767578,1.4185116291046143,94.94505310058594,1.6571037769317627,0.6868131868131868,0.006868131868131868,-0.4638415575027466,-0.8297267556190491,0.7941300868988037,1.463631272315979,1.6536871194839478,0.0011537671089172363,-26.576162338256836,-0.46384153534709677,-78.68132019042969,-1.3732480971388898,82.81318664550781,1.4453627710327095,83.85989379882812,1.463631257162326,94.7492904663086,1.6536870825655583,0.11537671089172363,0.0011537671089172363,False,False,0.0,0.0,0.0,0.0,0.0,31.141483306884766,31.141483306884766,0.0,37.31288528442383,37.31288528442383,0.0,0.0,0.0,0.0,0.0,0.0
5,387,14.713864847901277,14.726466857013293,False,-27.560440063476562,-0.48102042078971863,-81.97801971435547,-1.430786371231079,86.46154022216797,1.5090385675430298,81.45054626464844,1.421580195426941,94.94505310058594,1.6571037769317627,0.6868131868131868,0.006868131868131868,-0.4569375514984131,-0.8391109108924866,0.7705608010292053,1.4873842000961304,1.6590710878372192,0.0017807483673095703,-26.180591583251953,-0.45693752324766174,-77.97801971435547,-1.3609731882005511,82.46154022216797,1.4392253831425674,85.22083282470703,1.4873841240827972,95.05776977539062,1.6590710621833171,0.17807483673095703,0.0017807483673095703,False,False,0.0,0.0,0.0,0.0,0.0,29.900508880615234,29.900508880615234,0.0,38.31166076660156,38.31166076660156,0.0,0.0,0.0,0.0,0.0,0.0
5,388,14.746983243967406,14.75830841390416,False,-27.47252655029297,-0.47948604822158813,-81.18681335449219,-1.4169771671295166,86.19779968261719,1.504435420036316,81.45054626464844,1.421580195426941,94.94505310058594,1.6571037769317627,0.6868131868131868,0.006868131868131868,-0.4453883171081543,-0.7839945554733276,0.7009669542312622,1.5076240301132202,1.6626497507095337,0.0009212419390678406,-25.518869400024414,-0.44538829241685596,-77.18681335449219,-1.3471640321582177,82.19779968261719,1.4346222423564199,85.45054626464844,1.4913933799458572,95.26280975341797,1.662649684898111,0.09212419390678406,0.0009212419390678406,False,False,0.0,0.0,0.0,0.0,0.0,32.267234802246094,32.267234802246094,0.0,42.03535461425781,42.03535461425781,0.0,0.9299392700195312,0.9299392700195312,0.0,0.0,0.0
5,389,14.780457434942946,14.790999118005857,False,-27.296703338623047,-0.47641733288764954,-80.48351287841797,-1.4047023057937622,85.93406677246094,1.4998323917388916,81.89010620117188,1.4292519092559814,94.94505310058594,1.6571037769317627,0.6868131868131868,0.006868131868131868,-0.43099790811538696,-0.8182470798492432,0.7220390439033508,1.5083729028701782,1.6485285758972168,0.0008196309208869934,-24.694358825683594,-0.4309978681770992,-76.48351287841797,-1.334889123219879,81.93406677246094,1.430019234728327,85.89010620117188,1.4990651480980484,94.45372772216797,1.648528539534075,0.08196309208869934,0.0008196309208869934,False,False,0.0,0.0,0.0,0.0,0.0,29.601409912109375,29.601409912109375,0.0,40.56427764892578,40.56427764892578,0.0,0.5332870483398438,0.5332870483398438,0.0,0.0,0.0
5,390,14.813787685940042,14.975733210914768,False,-26.505495071411133,-0.4626081585884094,-79.86813354492188,-1.3939619064331055,85.4065933227539,1.4906262159347534,82.24176025390625,1.435389518737793,94.94505310058594,1.6571037769317627,0.6868131868131868,0.006868131868131868,-0.46112459897994995,-1.493306040763855,1.4583625793457031,1.4206593036651611,1.6568456888198853,0.0037816688418388367,-26.42049217224121,-0.4611245784029979,-83.86813354492188,-1.4637750678611903,83.55801391601562,1.4583624592617133,81.39778137207031,1.4206592887611345,94.93025970458984,1.6568455916183924,0.37816688418388367,0.0037816688418388367,False,False,0.0,0.0,0.0,0.0,0.0,1.6919937133789062,1.6919937133789062,0.0,0.0,0.0,0.0,0.0,0.0,0.0,0.0,0.0
5,391,14.977186191012152,14.987732632900588,False,-25.186813354492188,-0.43959280848503113,-78.28571319580078,-1.3663434982299805,84.17582702636719,1.4691452980041504,82.68132019042969,1.4430612325668335,94.94505310058594,1.6571037769317627,0.6868131868131868,0.006868131868131868,-0.4487355947494507,-1.4929856061935425,1.4644120931625366,1.4149656295776367,1.6573492288589478,0.0021477937698364258,-25.710655212402344,-0.44873558630146293,-82.28571319580078,-1.436156622618469,83.90462493896484,1.4644119628358827,81.0715560913086,1.4149655835085997,94.95911407470703,1.6573491953805264,0.21477937698364258,0.0021477937698364258,False,False,0.0,0.0,0.0,0.0,0.0,3.2560577392578125,3.2560577392578125,0.0,0.0,0.0,0.0,0.0,0.0,0.0,0.0,0.0
5,392,15.010691136005335,15.020783487008885,False,-24.74725341796875,-0.4319210350513458,-78.19779968261719,-1.3648090362548828,84.0879135131836,1.4676109552383423,82.68132019042969,1.4430612325668335,94.94505310058594,1.6571037769317627,0.6868131868131868,0.006868131868131868,-0.4452584981918335,-1.5411205291748047,1.4978175163269043,1.4150139093399048,1.6563606262207031,0.003228791058063507,-25.511430740356445,-0.4452584633137146,-82.19779968261719,-1.4346222423564199,85.81861877441406,1.4978174571273462,81.0743179321289,1.41501378672433,94.9024658203125,1.6563604968258345,0.3228791058063507,0.003228791058063507,False,False,0.0,0.0,0.0,0.0,0.0,6.101898193359375,6.101898193359375,0.0,0.0,0.0,0.0,0.0,0.0,0.0,0.0,0.0
5,393,15.044490869971924,15.054975965991616,False,-25.27472496032715,-0.44112715125083923,-78.46154022216797,-1.3694121837615967,84.0879135131836,1.4676109552383423,82.5054931640625,1.4399925470352173,94.94505310058594,1.6571037769317627,0.6868131868131868,0.006868131868131868,-0.4396240711212158,-1.5185202360153198,1.4728261232376099,1.4170516729354858,1.6595712900161743,0.0006294548511505127,-25.188602447509766,-0.4396240466849476,-82.46154022216797,-1.4392253831425674,84.38671875,1.4728260871419336,81.19107818603516,1.4170516375904587,95.08642578125,1.659571203836034,0.06294548511505127,0.0006294548511505127,False,False,0.0,0.0,0.0,0.0,0.0,4.5432586669921875,4.5432586669921875,0.0,0.0,0.0,0.0,0.0,0.0,0.0,0.0,0.0
5,394,15.07778171193786,15.088045718963258,False,-25.714284896850586,-0.44879892468452454,-79.95604705810547,-1.3954962491989136,84.79120635986328,1.4798856973648071,81.89010620117188,1.4292519092559814,94.94505310058594,1.6571037769317627,0.6868131868131868,0.006868131868131868,-0.44928306341171265,-1.5276844501495361,1.4865175485610962,1.4084364175796509,1.654708981513977,0.001523040235042572,-25.742021560668945,-0.44928303235304234,-83.95604705810547,-1.4653094481232396,85.17118072509766,1.4865175314640855,80.69745635986328,1.4084363114640523,94.8078384399414,1.6547089374758217,0.1523040235042572,0.001523040235042572,False,False,0.0,0.0,0.0,0.0,0.0,3.573822021484375,3.573822021484375,0.0,0.0,0.0,0.0,0.0,0.0,0.0,0.0,0.0
5,395,15.111437500920147,15.12250346899964,False,-25.538461685180664,-0.4457302391529083,-81.18681335449219,-1.4169771671295166,85.5824203491211,1.4936950206756592,81.71428680419922,1.4261833429336548,94.94505310058594,1.6571037769317627,0.6868131868131868,0.006868131868131868,-0.43479210138320923,-1.5508235692977905,1.5024569034576416,1.4089406728744507,1.6486600637435913,0.00266314297914505,-24.91175079345703,-0.4347920737821351,-85.18681335449219,-1.4867903723177642,86.08443450927734,1.5024568169043186,80.72634887695312,1.4089405810164588,94.46125793457031,1.6486599665338704,0.266314297914505,0.00266314297914505,False,False,0.0,0.0,0.0,0.0,0.0,3.6688308715820312,3.6688308715820312,0.0,0.0,0.0,0.0,0.0,0.0,0.0,0.0,0.0
5,396,15.144541920977645,15.15512436593417,False,-25.098901748657227,-0.438058465719223,-81.53845977783203,-1.423114538192749,85.5824203491211,1.4936950206756592,81.71428680419922,1.4261833429336548,94.76923370361328,1.6540350914001465,0.6868131868131868,0.006868131868131868,-0.4420677423477173,-1.5207633972167969,1.4870752096176147,1.412218451499939,1.6489208936691284,0.0020045414566993713,-25.328615188598633,-0.44206773001169064,-85.53845977783203,-1.4929277602079063,85.203125,1.4870750642382935,80.91415405273438,1.4122183996861284,94.47620391845703,1.6489208231626435,0.20045414566993713,0.0020045414566993713,False,False,0.0,0.0,0.0,0.0,0.0,1.5948562622070312,1.5948562622070312,0.0,0.0,0.0,0.0,0.0,0.0,0.0,0.0,0.0
5,397,15.17800808697939,15.189875097945333,False,-25.450550079345703,-0.4441958963871002,-82.76923370361328,-1.4445956945419312,85.84615325927734,1.4982980489730835,81.45054626464844,1.421580195426941,94.5054931640625,1.6494320631027222,0.6868131868131868,0.006868131868131868,-0.4387637972831726,-1.554334044456482,1.4924260377883911,1.4151891469955444,1.6485809087753296,0.001359403133392334,-25.139312744140625,-0.43876377907382474,-86.76923370361328,-1.5144088175604853,85.50971221923828,1.4924260206585354,81.08435821533203,1.4151890227240573,94.45672607421875,1.6485808706494949,0.1359403133392334,0.001359403133392334,False,False,0.0,0.0,0.0,0.0,0.0,2.2875442504882812,2.2875442504882812,0.0,0.0,0.0,0.0,0.0,0.0,0.0,0.0,0.0
5,398,15.211739892954938,15.223572115995921,False,-25.626373291015625,-0.44726458191871643,-84.35164642333984,-1.4722139835357666,86.10989379882812,1.5029011964797974,81.45054626464844,1.421580195426941,94.85713958740234,1.6555694341659546,0.6868131868131868,0.006868131868131868,-0.4487624168395996,-1.5401017665863037,1.4798622131347656,1.4121726751327515,1.647484540939331,0.002114042639732361,-25.712190628051758,-0.4487623843599319,-88.24132537841797,-1.5401016641770249,84.78985595703125,1.479862158741923,80.91152954101562,1.412172593315379,94.39390563964844,1.6474844472287093,0.21140426397323608,0.002114042639732361,False,False,0.0,0.0,0.0,0.0,0.0,0.0,0.0,0.0,0.0,0.0,0.0,0.0,0.0,0.0,0.0,0.0
5,399,15.245269099948928,15.256642992957495,False,-25.450550079345703,-0.4441958963871002,-85.05494689941406,-1.484488844871521,86.10989379882812,1.5029011964797974,81.45054626464844,1.421580195426941,94.5054931640625,1.6494320631027222,0.6868131868131868,0.006868131868131868,-0.44957882165908813,-1.5404952764511108,1.4920839071273804,1.4172335863113403,1.6505322456359863,0.002241663634777069,-25.758968353271484,-0.4495788096816093,-88.26387023925781,-1.540495146228084,85.49010467529297,1.4920838044584601,81.20149993896484,1.417233531492911,94.56852722167969,1.650532168780196,0.2241663634777069,0.002241663634777069,False,False,0.0,0.0,0.0,0.0,0.0,0.0,0.0,0.0,0.0,0.0,0.0,0.0,0.0,0.0,0.0,0.0
5,400,15.279281581984833,15.291007037973031,False,-25.186813354492188,-0.43959280848503113,-86.10989379882812,-1.5029011964797974,86.10989379882812,1.5029011964797974,81.45054626464844,1.421580195426941,94.5054931640625,1.6494320631027222,0.6868131868131868,0.006868131868131868,-0.4353220462799072,-1.5725111961364746,1.5108803510665894,1.4147759675979614,1.6503463983535767,0.0026551485061645508,-24.942113876342773,-0.4353220095495472,-90.09825134277344,-1.5725111362207986,86.56706237792969,1.5108802622741848,81.06068420410156,1.4147758332809315,94.55787658691406,1.6503462801361084,0.2655148506164551,0.0026551485061645508,False,False,0.0,0.0,0.0,0.0,0.0,0.0,0.0,0.0,0.0,0.0,0.0,0.0,0.0,0.0,0.0,0.0
5,401,15.312825606903061,15.324537284905091,False,-25.450550079345703,-0.4441958963871002,-86.81318664550781,-1.5151759386062622,86.10989379882812,1.5029011964797974,81.45054626464844,1.421580195426941,94.5054931640625,1.6494320631027222,0.6868131868131868,0.006868131868131868,-0.4377909302711487,-1.5762840509414673,1.4993852376937866,1.4179154634475708,1.6598267555236816,0.0024483203887939453,-25.08357048034668,-0.43779089303810514,-90.31441497802734,-1.5762839033790594,85.90843963623047,1.4993851269030214,81.24057006835938,1.417915433890026,95.10105895996094,1.6598266009845726,0.24483203887939453,0.0024483203887939453,False,False,0.0,0.0,0.0,0.0,0.0,0.0,0.0,0.0,0.0,0.0,0.0,0.0,0.0,0.0,0.0,0.0
5,402,15.346268494962715,15.357601986965165,False,-25.80219841003418,-0.4503333270549774,-87.86813354492188,-1.533588171005249,86.28571319580078,1.505969762802124,81.45054626464844,1.421580195426941,94.5054931640625,1.6494320631027222,0.6868131868131868,0.006868131868131868,-0.4330393075942993,-1.5877017974853516,1.5100955963134766,1.4158177375793457,1.645548939704895,0.003908298909664154,-24.811323165893555,-0.4330392810211858,-90.9686050415039,-1.587701673920556,86.52210235595703,1.510095561858993,81.12037658691406,1.4158176618993705,94.28300476074219,1.6455488617484397,0.3908298909664154,0.003908298909664154,False,False,0.0,0.0,0.0,0.0,0.0,0.0,0.0,0.0,0.0,0.0,0.0,0.0,0.0,0.0,0.0,0.0
5,403,15.379387050983496,15.389998936909251,False,-25.538461685180664,-0.4457302391529083,-88.92308044433594,-1.5520005226135254,86.63735961914062,1.5121071338653564,81.45054626464844,1.421580195426941,94.76923370361328,1.6540350914001465,0.6868131868131868,0.006868131868131868,-0.43962961435317993,-1.5674386024475098,1.495712161064148,1.413934588432312,1.6488895416259766,0.0031363442540168762,-25.188920974731445,-0.43962960603372314,-89.80760955810547,-1.5674384801344703,85.69799041748047,1.4957120951275842,81.01248168945312,1.4139345406925754,94.47440338134766,1.6488893978617807,0.3136344254016876,0.0031363442540168762,False,False,0.0,0.0,0.0,0.0,0.0,0.0,0.0,0.0,0.0,0.0,0.0,0.0,0.0,0.0,0.0,0.0
5,404,15.413186902995221,15.424344623927027,False,-24.923076629638672,-0.4349897503852844,-89.010986328125,-1.553534746170044,86.63735961914062,1.5121071338653564,81.45054626464844,1.421580195426941,94.4175796508789,1.6478976011276245,0.6868131868131868,0.006868131868131868,-0.42811793088912964,-1.5846383571624756,1.5008976459503174,1.4164328575134277,1.6467781066894531,0.0036363378167152405,-24.529348373413086,-0.42811789248477383,-90.79308319091797,-1.584638239718638,85.9950942993164,1.5008975360860775,81.1556167602539,1.4164327189531243,94.35343170166016,1.6467780437495658,0.36363378167152405,0.0036363378167152405,False,False,0.0,0.0,0.0,0.0,0.0,0.0,0.0,0.0,0.0,0.0,0.0,0.0,0.0,0.0,0.0,0.0
5,405,15.446822091937065,15.457232996006496,False,-24.83516502380371,-0.4334554076194763,-89.89010620117188,-1.5688782930374146,86.9011001586914,1.5167102813720703,81.45054626464844,1.421580195426941,94.4175796508789,1.6478976011276245,0.6868131868131868,0.006868131868131868,-0.43024373054504395,-1.5726048946380615,1.503261685371399,1.4122413396835327,1.64898681640625,0.0029967129230499268,-24.651147842407227,-0.43024369424590236,-90.1036148071289,-1.572604746333115,86.13054656982422,1.5032616241857406,80.91546630859375,1.412241302871503,94.47998046875,1.6489867363996231,0.2996712923049927,0.0029967129230499268,False,False,0.0,0.0,0.0,0.0,0.0,0.0,0.0,0.0,0.0,0.0,0.0,0.0,0.0,0.0,0.0,0.0
5,406,15.480424133013003,15.491724575986154,False,-25.186813354492188,-0.43959280848503113,-89.71428680419922,-1.565809726715088,86.9011001586914,1.5167102813720703,81.45054626464844,1.421580195426941,94.4175796508789,1.6478976011276245,0.6868131868131868,0.006868131868131868,-0.42697829008102417,-1.5671559572219849,1.4918383359909058,1.411708116531372,1.6455096006393433,0.004447348415851593,-24.464052200317383,-0.4269782592753017,-89.79141998291016,-1.5671559187428128,85.47603607177734,1.4918382610059548,80.8849105834961,1.4117080048632147,94.28074645996094,1.6455094469643066,0.4447348415851593,0.004447348415851593,False,False,0.0,0.0,0.0,0.0,0.0,0.0,0.0,0.0,0.0,0.0,0.0,0.0,0.0,0.0,0.0,0.0
5,407,15.513529262971133,15.52482810197398,False,-25.36263656616211,-0.4426615238189697,-90.06593322753906,-1.5719470977783203,86.9011001586914,1.5167102813720703,81.45054626464844,1.421580195426941,94.5054931640625,1.6494320631027222,0.6868131868131868,0.006868131868131868,-0.440307080745697,-1.527690052986145,1.4771755933761597,1.4118962287902832,1.6540915966033936,0.0033559203147888184,-25.22773551940918,-0.44030704763601203,-87.53018951416016,-1.5276900019167106,84.63592529296875,1.477175561834251,80.89569091796875,1.4118961571942288,94.7724609375,1.654091483577087,0.33559203147888184,0.0033559203147888184,False,False,0.0,0.0,0.0,0.0,0.0,0.0,0.0,0.0,0.0,0.0,0.0,0.0,0.0,0.0,0.0,0.0
5,408,15.546783686964773,15.558028474915773,False,-24.923076629638672,-0.4349897503852844,-90.15384674072266,-1.5734814405441284,86.9011001586914,1.5167102813720703,81.45054626464844,1.421580195426941,94.5934066772461,1.6509664058685303,0.6868131868131868,0.006868131868131868,-0.4387771487236023,-1.4877408742904663,1.4507848024368286,1.413860559463501,1.6488220691680908,0.003954783082008362,-25.140077590942383,-0.4387771281687888,-86.15384674072266,-1.503668288884196,83.12384033203125,1.4507847006960017,81.00823974609375,1.4138605048142712,94.47054290771484,1.6488220198862016,0.3954783082008362,0.003954783082008362,False,False,0.0,0.0,0.0,0.0,0.0,0.9125747680664062,0.9125747680664062,0.0,0.0,0.0,0.0,0.0,0.0,0.0,0.0,0.0
5,409,15.58042602299247,15.591498911962844,False,-24.571428298950195,-0.4288523197174072,-89.89010620117188,-1.5688782930374146,86.9011001586914,1.5167102813720703,81.45054626464844,1.421580195426941,94.4175796508789,1.6478976011276245,0.6868131868131868,0.006868131868131868,-0.43382692337036133,-1.5224740505218506,1.451656460762024,1.4148393869400024,1.651219129562378,0.00461241602897644,-24.8564510345459,-0.4338269109135767,-87.23133087158203,-1.5224739346056813,83.17378234863281,1.4516563533207847,81.06432342529297,1.41483934967293,94.60787963867188,1.6512189980253273,0.46124160289764404,0.00461241602897644,False,False,0.0,0.0,0.0,0.0,0.0,0.0,0.0,0.0,0.0,0.0,0.0,0.0,0.0,0.0,0.0,0.0
5,410,15.613811080926098,15.624597137910314,False,-25.098901748657227,-0.438058465719223,-88.57142639160156,-1.5458630323410034,86.81318664550781,1.5151759386062622,81.45054626464844,1.421580195426941,94.4175796508789,1.6478976011276245,0.6868131868131868,0.006868131868131868,-0.45345914363861084,-1.456717610359192,1.372862458229065,1.4222232103347778,1.654022216796875,0.003643326461315155,-25.981294631958008,-0.4534591352583956,-84.57142639160156,-1.4760498436414746,82.81318664550781,1.4453627710327095,81.48738098144531,1.422223096953229,94.76848602294922,1.6540221082306903,0.3643326461315155,0.003643326461315155,False,False,0.0,0.0,0.0,0.0,0.0,1.1076583862304688,1.1076583862304688,0.0,4.153968811035156,4.153968811035156,0.0,0.0,0.0,0.0,0.0,0.0
5,411,15.647475317004137,15.657620450947434,False,-25.36263656616211,-0.4426615238189697,-87.25274658203125,-1.5228476524353027,86.72527313232422,1.513641595840454,81.45054626464844,1.421580195426941,94.76923370361328,1.6540350914001465,0.6868131868131868,0.006868131868131868,-0.44307035207748413,-1.446379542350769,1.3554577827453613,1.4156978130340576,1.6509050130844116,0.005649186670780182,-25.38606071472168,-0.44307034358307823,-83.25274658203125,-1.4530345391849007,82.72527313232422,1.4438283907706604,81.1135025024414,1.4156976864922624,94.58988189697266,1.6509048781747526,0.5649186670780182,0.005649186670780182,False,False,0.0,0.0,0.0,0.0,0.0,0.38130950927734375,0.38130950927734375,0.0,5.063270568847656,5.063270568847656,0.0,0.0,0.0,0.0,0.0,0.0
5,412,15.68094123993069,15.693840672960505,False,-25.098901748657227,-0.438058465719223,-87.34066009521484,-1.5243821144104004,86.72527313232422,1.513641595840454,81.45054626464844,1.421580195426941,94.68132019042969,1.6525007486343384,0.6868131868131868,0.006868131868131868,-0.45738518238067627,-1.356569528579712,1.2687480449676514,1.4162126779556274,1.6510355472564697,0.0040611326694488525,-26.206239700317383,-0.45738516733739043,-83.34066009521484,-1.45456891944695,82.72527313232422,1.4438283907706604,81.14300537109375,1.4162126086890292,94.59736633300781,1.651035506226221,0.40611326694488525,0.0040611326694488525,False,False,0.0,0.0,0.0,0.0,0.0,5.614952087402344,5.614952087402344,0.0,10.0313720703125,10.0313720703125,0.0,0.0,0.0,0.0,0.0,0.0
5,413,15.71434668591246,15.725352098001167,False,-25.098901748657227,-0.438058465719223,-87.34066009521484,-1.5243821144104004,86.72527313232422,1.513641595840454,81.45054626464844,1.421580195426941,94.4175796508789,1.6478976011276245,0.6868131868131868,0.006868131868131868,-0.45514577627182007,-1.3699259757995605,1.2930488586425781,1.4157226085662842,1.6476924419403076,0.004811786115169525,-26.077930450439453,-0.4551457484662564,-83.34066009521484,-1.45456891944695,82.72527313232422,1.4438283907706604,81.11492919921875,1.4157225870484547,94.40581512451172,1.64769230695179,0.4811786115169525,0.004811786115169525,False,False,0.0,0.0,0.0,0.0,0.0,4.8496856689453125,4.8496856689453125,0.0,8.6390380859375,8.6390380859375,0.0,0.0,0.0,0.0,0.0,0.0
5,414,15.747655126964673,15.758629279909655,False,-25.714284896850586,-0.44879892468452454,-85.5824203491211,-1.4936950206756592,86.54945373535156,1.510572910308838,81.45054626464844,1.421580195426941,94.5054931640625,1.6494320631027222,0.6868131868131868,0.006868131868131868,-0.4476756453514099,-1.3063678741455078,1.24632728099823,1.418212652206421,1.6487101316452026,0.0035832226276397705,-25.64992332458496,-0.44767561489809776,-81.5824203491211,-1.4238818468381849,82.54945373535156,1.4407597634046165,81.2575912475586,1.4182125095096243,94.46412658691406,1.6487100339623637,0.35832226276397705,0.0035832226276397705,False,False,0.0,0.0,0.0,0.0,0.0,6.733055114746094,6.733055114746094,0.0,11.140167236328125,11.140167236328125,0.0,0.0,0.0,0.0,0.0,0.0
5,415,15.781431801966392,15.792261112947017,False,-25.80219841003418,-0.4503333270549774,-84.17582702636719,-1.4691452980041504,86.46154022216797,1.5090385675430298,81.36264038085938,1.4200459718704224,94.94505310058594,1.6571037769317627,0.6868131868131868,0.006868131868131868,-0.4571387767791748,-1.2316360473632812,1.1967570781707764,1.4194915294647217,1.646406650543213,0.00400804728269577,-26.192121505737305,-0.4571387583575308,-80.17582702636719,-1.399332162119562,82.46154022216797,1.4392253831425674,81.33087158203125,1.4194914926231348,94.33214569091797,1.6464065327774997,0.400804728269577,0.00400804728269577,False,False,0.0,0.0,0.0,0.0,0.0,9.608283996582031,9.608283996582031,0.0,13.892417907714844,13.892417907714844,0.0,0.0,0.0,0.0,0.0,0.0
5,416,15.81462284096051,15.825356359011494,False,-25.538461685180664,-0.4457302391529083,-84.35164642333984,-1.4722139835357666,86.46154022216797,1.5090385675430298,81.36264038085938,1.4200459718704224,94.94505310058594,1.6571037769317627,0.6868131868131868,0.006868131868131868,-0.45603907108306885,-1.2078737020492554,1.1598913669586182,1.4233355522155762,1.6405521631240845,0.00435088574886322,-26.129112243652344,-0.45603903927489625,-80.35164642333984,-1.4024007894856056,82.46154022216797,1.4392253831425674,81.55111694335938,1.4233354993405551,93.99671173095703,1.6405521057531787,0.435088574886322,0.00435088574886322,False,False,0.0,0.0,0.0,0.0,0.0,11.145584106445312,11.145584106445312,0.0,16.004661560058594,16.004661560058594,0.0,0.0,0.0,0.0,0.0,0.0
5,417,15.84819303394761,15.858711759909056,False,-25.36263656616211,-0.4426615238189697,-83.03296661376953,-1.449198603630066,86.28571319580078,1.505969762802124,81.0988998413086,1.4154428243637085,94.76923370361328,1.6540350914001465,0.6868131868131868,0.006868131868131868,-0.4601932168006897,-1.0972012281417847,1.0658131837844849,1.4255261421203613,1.6490262746810913,0.002411261200904846,-26.367128372192383,-0.46019320439076994,-79.03296661376953,-1.379385485029032,82.28571319580078,1.436156622618469,81.67662811279297,1.4255260824951999,94.48223876953125,1.6490261511837563,0.24112612009048462,0.002411261200904846,False,False,0.0,0.0,0.0,0.0,0.0,16.16796875,16.16796875,0.0,21.219120025634766,21.219120025634766,0.0,0.0,0.0,0.0,0.0,0.0
5,418,15.88237287697848,15.893813733011484,False,-25.9780216217041,-0.45340201258659363,-81.80220031738281,-1.427717685699463,86.28571319580078,1.505969762802124,80.83516693115234,1.4108397960662842,94.85713958740234,1.6555694341659546,0.6868131868131868,0.006868131868131868,-0.468555748462677,-0.9984586238861084,1.004840612411499,1.4231358766555786,1.6517391204833984,0.002217493951320648,-26.84626579284668,-0.4685557299507005,-77.80220031738281,-1.3579045608345073,82.28571319580078,1.436156622618469,81.5396728515625,1.4231357622587992,94.6376724243164,1.6517389802281655,0.22174939513206482,0.002217493951320648,False,False,0.0,0.0,0.0,0.0,0.0,20.594738006591797,20.594738006591797,0.0,24.712589263916016,24.712589263916016,0.0,0.0,0.0,0.0,0.0,0.0
5,419,15.915539815905504,15.92598552792333,False,-26.329669952392578,-0.45953941345214844,-81.45054626464844,-1.421580195426941,86.28571319580078,1.505969762802124,80.83516693115234,1.4108397960662842,94.94505310058594,1.6571037769317627,0.6868131868131868,0.006868131868131868,-0.47522568702697754,-0.8866086006164551,0.8963584899902344,1.4291516542434692,1.6479169130325317,0.0031805410981178284,-27.228424072265625,-0.4752256501903176,-77.45054626464844,-1.3517670397863106,82.28571319580078,1.436156622618469,81.88435363769531,1.4291515768451792,94.4186782836914,1.6479168114316838,0.31805410981178284,0.0031805410981178284,False,False,0.0,0.0,0.0,0.0,0.0,26.65161895751953,26.65161895751953,0.0,30.928157806396484,30.928157806396484,0.0,0.0,0.0,0.0,0.0,0.0
5,420,15.949030103976838,16.1133787909057,False,-26.329669952392578,-0.45953941345214844,-80.30769348144531,-1.401633620262146,86.19779968261719,1.504435420036316,80.83516693115234,1.4108397960662842,94.94505310058594,1.6571037769317627,0.6868131868131868,0.006868131868131868,-0.44826817512512207,-1.53866708278656,1.495851755142212,1.4063562154769897,1.6624364852905273,0.00597488135099411,-25.68387222290039,-0.4482681349511268,-84.30769348144531,-1.4714468360133817,85.70598602294922,1.4958516447687042,80.5782699584961,1.4063561163365914,95.2505874633789,1.6624363656947958,0.597488135099411,0.00597488135099411,False,False,0.0,0.0,0.0,0.0,0.0,3.8514328002929688,3.8514328002929688,0.0,0.0,0.0,0.0,0.0,0.0,0.0,0.0,0.0
5,421,16.114920574007556,16.126424238900654,False,-26.769229888916016,-0.46721118688583374,-78.72527313232422,-1.374015212059021,85.5824203491211,1.4936950206756592,80.83516693115234,1.4108397960662842,94.94505310058594,1.6571037769317627,0.6868131868131868,0.006868131868131868,-0.4518096446990967,-1.5385262966156006,1.5003279447555542,1.4011343717575073,1.6618027687072754,0.002515733242034912,-25.886783599853516,-0.45180960656871416,-82.72527313232422,-1.4438283907706604,85.96245574951172,1.5003278859289093,80.27908325195312,1.4011343232292186,95.21427917480469,1.6618026665134114,0.2515733242034912,0.002515733242034912,False,False,0.0,0.0,0.0,0.0,0.0,5.425788879394531,5.425788879394531,0.0,0.0,0.0,0.0,0.0,0.0,0.0,0.0,0.0
5,422,16.14851423492655,16.158601383911446,False,-26.769229888916016,-0.46721118688583374,-78.63735961914062,-1.372480869293213,85.5824203491211,1.4936950206756592,80.83516693115234,1.4108397960662842,94.94505310058594,1.6571037769317627,0.6868131868131868,0.006868131868131868,-0.44397246837615967,-1.5269360542297363,1.4968472719192505,1.3999158143997192,1.6552317142486572,0.001765221357345581,-25.437747955322266,-0.443972456112829,-82.63735961914062,-1.4422940105086113,85.76302337646484,1.4968471343841758,80.20926666259766,1.399915793872453,94.83778381347656,1.65523158283975,0.1765221357345581,0.001765221357345581,False,False,0.0,0.0,0.0,0.0,0.0,4.8496246337890625,4.8496246337890625,0.0,0.0,0.0,0.0,0.0,0.0,0.0,0.0,0.0
5,423,16.18231245293282,16.193252771976404,False,-26.769229888916016,-0.46721118688583374,-78.989013671875,-1.3786183595657349,85.67032623291016,1.4952292442321777,80.65933990478516,1.4077709913253784,94.94505310058594,1.6571037769317627,0.6868131868131868,0.006868131868131868,-0.4455711245536804,-1.554841160774231,1.5170570611953735,1.399909257888794,1.6504815816879272,0.0016969069838523865,-25.529342651367188,-0.44557108513617627,-82.989013671875,-1.448431531556808,86.92095947265625,1.5170569317904057,80.2088851928711,1.3999091359697275,94.56562042236328,1.65048143556143,0.16969069838523865,0.0016969069838523865,False,False,0.0,0.0,0.0,0.0,0.0,6.0968170166015625,6.0968170166015625,0.0,0.0,0.0,0.0,0.0,0.0,0.0,0.0,0.0
5,424,16.215392513899133,16.22571169794537,False,-26.41758155822754,-0.46107378602027893,-80.57142639160156,-1.4062366485595703,86.37362670898438,1.5075041055679321,80.57142639160156,1.4062366485595703,94.94505310058594,1.6571037769317627,0.6868131868131868,0.006868131868131868,-0.44704490900039673,-1.566551923751831,1.5130937099456787,1.3964968919754028,1.658900499343872,0.001787625253200531,-25.613784790039062,-0.4470448784834261,-84.57142639160156,-1.4760498436414746,86.69387817382812,1.5130936154561498,80.01337432861328,1.3964968276650092,95.04798889160156,1.658900353557443,0.1787625253200531,0.001787625253200531,False,False,0.0,0.0,0.0,0.0,0.0,5.1853790283203125,5.1853790283203125,0.0,0.0,0.0,0.0,0.0,0.0,0.0,0.0,0.0
5,425,16.248797970009036,16.25934646895621,False,-25.714284896850586,-0.44879892468452454,-81.71428680419922,-1.4261833429336548,86.9011001586914,1.5167102813720703,80.74725341796875,1.409305453300476,94.94505310058594,1.6571037769317627,0.6868131868131868,0.006868131868131868,-0.44987988471984863,-1.5443787574768066,1.5011957883834839,1.398508906364441,1.6511108875274658,0.002440519630908966,-25.776216506958008,-0.4498798467533291,-85.71428680419922,-1.4959965207320045,86.01217651367188,1.5011956769701118,80.12865447998047,1.398508845868564,94.60167694091797,1.6511107405270158,0.2440519630908966,0.002440519630908966,False,False,0.0,0.0,0.0,0.0,0.0,2.7720947265625,2.7720947265625,0.0,0.0,0.0,0.0,0.0,0.0,0.0,0.0,0.0
5,426,16.28268767800182,16.29433166596573,False,-25.538461685180664,-0.4457302391529083,-82.5054931640625,-1.4399925470352173,87.16483306884766,1.5213133096694946,80.74725341796875,1.409305453300476,94.68132019042969,1.6525007486343384,0.6868131868131868,0.006868131868131868,-0.44438058137893677,-1.5519622564315796,1.5063165426254272,1.3992398977279663,1.6501308679580688,0.002075403928756714,-25.461130142211914,-0.44438055226037,-86.5054931640625,-1.509805676774338,86.30557250976562,1.506316403114116,80.17053985595703,1.3992398835877906,94.5455322265625,1.650130830403921,0.2075403928756714,0.002075403928756714,False,False,0.0,0.0,0.0,0.0,0.0,2.4153900146484375,2.4153900146484375,0.0,0.0,0.0,0.0,0.0,0.0,0.0,0.0,0.0
5,427,16.31595020997338,16.32839866890572,False,-25.89011001586914,-0.4518676698207855,-83.12088012695312,-1.4507330656051636,87.16483306884766,1.5213133096694946,80.74725341796875,1.409305453300476,94.5934066772461,1.6509664058685303,0.6868131868131868,0.006868131868131868,-0.44604170322418213,-1.5784075260162354,1.5138065814971924,1.3976495265960693,1.6580934524536133,0.0017529800534248352,-25.556304931640625,-0.4460416657007933,-87.12088012695312,-1.5205462054506276,86.73472595214844,1.513806543679964,80.07941436767578,1.3976494437847953,95.00175476074219,1.658093415747149,0.17529800534248352,0.0017529800534248352,False,False,0.0,0.0,0.0,0.0,0.0,3.3152008056640625,3.3152008056640625,0.0,0.0,0.0,0.0,0.0,0.0,0.0,0.0,0.0
5,428,16.3495570049854,16.36342683597468,False,-26.153846740722656,-0.4564707279205322,-84.52747344970703,-1.4752826690673828,87.16483306884766,1.5213133096694946,80.74725341796875,1.409305453300476,94.5934066772461,1.6509664058685303,0.6868131868131868,0.006868131868131868,-0.4430235028266907,-1.5603829622268677,1.505893588066101,1.3986117839813232,1.6548808813095093,0.0034614279866218567,-25.38337516784668,-0.4430234719478928,-88.52747344970703,-1.5450958901692504,86.28134155273438,1.5058934931330115,80.1345443725586,1.398611643886641,94.81768798828125,1.6548808445241865,0.34614279866218567,0.0034614279866218567,False,False,0.0,0.0,0.0,0.0,0.0,0.8758773803710938,0.8758773803710938,0.0,0.0,0.0,0.0,0.0,0.0,0.0,0.0,0.0
5,429,16.382919500931166,16.39661759394221,False,-26.153846740722656,-0.4564707279205322,-85.75823974609375,-1.4967635869979858,87.16483306884766,1.5213133096694946,80.74725341796875,1.409305453300476,94.5934066772461,1.6509664058685303,0.6868131868131868,0.006868131868131868,-0.4414869546890259,-1.578627109527588,1.5144777297973633,1.397182583808899,1.6533678770065308,0.001920856535434723,-25.295337677001953,-0.441486927867458,-89.75823974609375,-1.566576814363775,86.77317810058594,1.514477660274664,80.05265808105469,1.39718245848765,94.73099517822266,1.653367769550858,0.1920856535434723,0.001920856535434723,False,False,0.0,0.0,0.0,0.0,0.0,0.6904296875,0.6904296875,0.0,0.0,0.0,0.0,0.0,0.0,0.0,0.0,0.0
5,430,16.416737393010408,16.429739687941037,False,-25.89011001586914,-0.4518676698207855,-86.54945373535156,-1.510572910308838,87.16483306884766,1.5213133096694946,80.74725341796875,1.409305453300476,94.5934066772461,1.6509664058685303,0.6868131868131868,0.006868131868131868,-0.4417155981063843,-1.575354814529419,1.5108911991119385,1.3927719593048096,1.652850866317749,0.0018719956278800964,-25.30843734741211,-0.4417155602470413,-90.26117706298828,-1.5753547264747307,86.56768798828125,1.5108911812346542,79.7999496459961,1.3927718642483153,94.70137023925781,1.652850716825219,0.18719956278800964,0.0018719956278800964,False,False,0.0,0.0,0.0,0.0,0.0,0.0,0.0,0.0,0.0,0.0,0.0,0.0,0.0,0.0,0.0,0.0
5,431,16.44973257894162,16.460202277987264,False,-25.538461685180664,-0.4457302391529083,-87.16483306884766,-1.5213133096694946,87.16483306884766,1.5213133096694946,80.65933990478516,1.4077709913253784,94.5934066772461,1.6509664058685303,0.6868131868131868,0.006868131868131868,-0.4357911944389343,-1.5920770168304443,1.5264097452163696,1.3938649892807007,1.657429575920105,0.00425073504447937,-24.968994140625,-0.4357911586650783,-91.16483306884766,-1.591126499082398,87.45683288574219,1.526409687222655,79.86257934570312,1.3938649587177383,94.96371459960938,1.6574294896873922,0.425073504447937,0.00425073504447937,False,False,0.0,0.0,0.0,0.0,0.0,0.0544586181640625,0.0544586181640625,0.0,0.0,0.0,0.0,0.0,0.0,0.0,0.0,0.0
5,432,16.48318916093558,16.493479330907576,False,-25.36263656616211,-0.4426615238189697,-88.30769348144531,-1.541260004043579,87.25274658203125,1.5228476524353027,80.57142639160156,1.4062366485595703,94.5934066772461,1.6509664058685303,0.6868131868131868,0.006868131868131868,-0.43631815910339355,-1.578059434890747,1.5181622505187988,1.3956482410430908,1.6538281440734863,0.004003345966339111,-24.999187469482422,-0.4363181316657777,-90.4161376953125,-1.5780592997197607,86.98428344726562,1.5181621436427886,79.96475219726562,1.3956482113836552,94.75736999511719,1.653828096945278,0.40033459663391113,0.004003345966339111,False,False,0.0,0.0,0.0,0.0,0.0,0.0,0.0,0.0,0.0,0.0,0.0,0.0,0.0,0.0,0.0,0.0
5,433,16.51732122397516,16.5280356539879,False,-25.27472496032715,-0.44112715125083923,-89.45054626464844,-1.561206579208374,87.42857360839844,1.5259164571762085,80.57142639160156,1.4062366485595703,94.5934066772461,1.6509664058685303,0.6868131868131868,0.006868131868131868,-0.4423667788505554,-1.5748013257980347,1.520572304725647,1.39186692237854,1.6496002674102783,0.002614930272102356,-25.345748901367188,-0.4423667697125929,-90.22946166992188,-1.5748011884421578,87.12236785888672,1.5205721712712557,79.74809265136719,1.391866788951852,94.51512908935547,1.6496001955567228,0.2614930272102356,0.002614930272102356,False,False,0.0,0.0,0.0,0.0,0.0,0.0,0.0,0.0,0.0,0.0,0.0,0.0,0.0,0.0,0.0,0.0
5,434,16.55074806592893,16.56118840293493,False,-25.27472496032715,-0.44112715125083923,-90.15384674072266,-1.5734814405441284,87.6043930053711,1.5289851427078247,80.57142639160156,1.4062366485595703,94.5934066772461,1.6509664058685303,0.6868131868131868,0.006868131868131868,-0.43505579233169556,-1.609604835510254,1.5318032503128052,1.391494631767273,1.6505476236343384,0.004307091236114502,-24.92685890197754,-0.43505576001956653,-92.22355651855469,-1.6096047091478582,87.76585388183594,1.5318031210622833,79.72676849365234,1.3914946121895133,94.56940460205078,1.650547481956464,0.4307091236114502,0.004307091236114502,False,False,0.0,0.0,0.0,0.0,0.0,0.0,0.0,0.0,0.0,0.0,0.0,0.0,0.0,0.0,0.0,0.0
5,435,16.584135901997797,16.594854008988477,False,-25.27472496032715,-0.44112715125083923,-89.62637329101562,-1.5642752647399902,87.6043930053711,1.5289851427078247,80.57142639160156,1.4062366485595703,94.5934066772461,1.6509664058685303,0.6868131868131868,0.006868131868131868,-0.434839129447937,-1.573311448097229,1.5280061960220337,1.3898534774780273,1.6529768705368042,0.0034317970275878906,-24.914445877075195,-0.4348391118648886,-90.14410400390625,-1.5733114161283674,87.54830169677734,1.528006119138103,79.63273620605469,1.389853439167752,94.7085952758789,1.6529768175028343,0.34317970275878906,0.0034317970275878906,False,False,0.0,0.0,0.0,0.0,0.0,0.0,0.0,0.0,0.0,0.0,0.0,0.0,0.0,0.0,0.0,0.0
5,436,16.617503092973493,16.631244673975743,False,-25.36263656616211,-0.4426615238189697,-90.06593322753906,-1.5719470977783203,87.86813354492188,1.533588171005249,80.57142639160156,1.4062366485595703,94.5054931640625,1.6494320631027222,0.6868131868131868,0.006868131868131868,-0.4425901174545288,-1.566931128501892,1.5191441774368286,1.3903907537460327,1.6550827026367188,0.0033529475331306458,-25.358545303344727,-0.4425901090595097,-89.77853393554688,-1.5669310147887556,87.04054260253906,1.5191440511367007,79.66352081298828,1.3903907319176754,94.8292465209961,1.6550825789767598,0.3352947533130646,0.0033529475331306458,False,False,0.0,0.0,0.0,0.0,0.0,0.0,0.0,0.0,0.0,0.0,0.0,0.0,0.0,0.0,0.0,0.0
5,437,16.651203016983345,16.662737438920885,False,-25.36263656616211,-0.4426615238189697,-91.20879364013672,-1.5918937921524048,88.04395294189453,1.5366568565368652,80.57142639160156,1.4062366485595703,94.5054931640625,1.6494320631027222,0.6868131868131868,0.006868131868131868,-0.4406335949897766,-1.5695453882217407,1.5173543691635132,1.3887927532196045,1.6539357900619507,0.003296881914138794,-25.246444702148438,-0.44063358447516937,-89.9283218383789,-1.5695453068728318,86.93799591064453,1.517354273726113,79.57196044921875,1.3887927021055733,94.76353454589844,1.6539356886533172,0.3296881914138794,0.003296881914138794,False,False,0.0,0.0,0.0,0.0,0.0,0.0,0.0,0.0,0.0,0.0,0.0,0.0,0.0,0.0,0.0,0.0
5,438,16.684867496951483,16.69885488098953,False,-25.27472496032715,-0.44112715125083923,-91.47252655029297,-1.5964967012405396,88.04395294189453,1.5366568565368652,80.57142639160156,1.4062366485595703,94.5054931640625,1.6494320631027222,0.6868131868131868,0.006868131868131868,-0.4481658935546875,-1.4916359186172485,1.4152960777282715,1.394331455230713,1.6618423461914062,0.004144854843616486,-25.67801284790039,-0.4481658695652677,-87.47252655029297,-1.5266835933407696,84.04395294189453,1.4668436952272341,79.8893051147461,1.3943314113826657,95.21654510498047,1.661842214455599,0.41448548436164856,0.004144854843616486,False,False,0.0,0.0,0.0,0.0,0.0,2.008087158203125,2.008087158203125,0.0,2.9534683227539062,2.9534683227539062,0.0,0.0,0.0,0.0,0.0,0.0
5,439,16.7180359599879,16.72845262894407,False,-25.27472496032715,-0.44112715125083923,-90.76923370361328,-1.5842219591140747,88.04395294189453,1.5366568565368652,80.48351287841797,1.4047023057937622,94.5054931640625,1.6494320631027222,0.6868131868131868,0.006868131868131868,-0.4703390598297119,-1.3774864673614502,1.2497645616531372,1.3991990089416504,1.6760938167572021,0.0028970465064048767,-26.948442459106445,-0.47033904919564484,-86.76923370361328,-1.5144088175604853,84.04395294189453,1.4668436952272341,80.1681900024414,1.3991988709070036,96.03309631347656,1.6760937215549945,0.28970465064048767,0.0028970465064048767,False,False,0.0,0.0,0.0,0.0,0.0,7.8450775146484375,7.8450775146484375,0.0,12.437721252441406,12.437721252441406,0.0,0.0,0.0,0.0,0.0,0.0
5,440,16.751545439008623,16.76406182697974,False,-25.27472496032715,-0.44112715125083923,-89.62637329101562,-1.5642752647399902,88.04395294189453,1.5366568565368652,80.48351287841797,1.4047023057937622,94.5054931640625,1.6494320631027222,0.6868131868131868,0.006868131868131868,-0.4742550849914551,-1.2533167600631714,1.1334604024887085,1.3998531103134155,1.666580319404602,0.0026107430458068848,-27.172813415527344,-0.4742550611310382,-85.62637329101562,-1.4944621404699554,84.04395294189453,1.4668436952272341,80.20567321777344,1.3998530764287815,95.4880142211914,1.666580244350959,0.2610743045806885,0.0026107430458068848,False,False,0.0,0.0,0.0,0.0,0.0,13.816619873046875,13.816619873046875,0.0,19.101455688476562,19.101455688476562,0.0,0.0,0.0,0.0,0.0,0.0
5,441,16.78505458997097,16.795783303910866,False,-25.626373291015625,-0.44726458191871643,-89.010986328125,-1.553534746170044,87.69230651855469,1.5305194854736328,80.48351287841797,1.4047023057937622,94.76923370361328,1.6540350914001465,0.6868131868131868,0.006868131868131868,-0.48711276054382324,-1.1275041103363037,1.0590708255767822,1.405898094177246,1.6731269359588623,0.0022975727915763855,-27.909503936767578,-0.48711273629491353,-85.010986328125,-1.4837216117936658,83.69230651855469,1.460706307337092,80.5520248413086,1.4058980526290978,95.86310577392578,1.6731268269425918,0.22975727915763855,0.0022975727915763855,False,False,0.0,0.0,0.0,0.0,0.0,20.409759521484375,20.409759521484375,0.0,23.012020111083984,23.012020111083984,0.0,0.0,0.0,0.0,0.0,0.0
5,442,16.818461898947135,16.829041076940484,False,-26.681318283081055,-0.46567684412002563,-88.3956069946289,-1.5427943468093872,87.42857360839844,1.5259164571762085,80.3956069946289,1.4031680822372437,94.94505310058594,1.6571037769317627,0.6868131868131868,0.006868131868131868,-0.4953418970108032,-1.0453951358795166,0.9833379983901978,1.4062774181365967,1.658337116241455,0.003317028284072876,-28.380998611450195,-0.49534187077374475,-84.3956069946289,-1.4729812162754308,83.42857360839844,1.456103299708999,80.5737533569336,1.406277286768325,95.01570892333984,1.6583369618288368,0.3317028284072876,0.003317028284072876,False,False,0.0,0.0,0.0,0.0,0.0,24.498882293701172,24.498882293701172,0.0,27.087459564208984,27.087459564208984,0.0,0.0,0.0,0.0,0.0,0.0
5,443,16.852036925964057,16.863166325958446,False,-27.296703338623047,-0.47641733288764954,-87.25274658203125,-1.5228476524353027,87.42857360839844,1.5259164571762085,80.3956069946289,1.4031680822372437,95.20879364013672,1.6617069244384766,0.6868131868131868,0.006868131868131868,-0.4992520809173584,-0.9833426475524902,0.9355788230895996,1.4081172943115234,1.6635425090789795,0.0035954490303993225,-28.60503578186035,-0.49925205704425357,-83.25274658203125,-1.4530345391849007,83.42857360839844,1.456103299708999,80.6791763305664,1.4081172647654607,95.31395721435547,1.6635423764955055,0.35954490303993225,0.0035954490303993225,False,False,0.0,0.0,0.0,0.0,0.0,26.911365509033203,26.911365509033203,0.0,29.82386016845703,29.82386016845703,0.0,0.0,0.0,0.0,0.0,0.0
5,444,16.885179939912632,16.896744697005488,False,-27.296703338623047,-0.47641733288764954,-85.75823974609375,-1.4967635869979858,87.42857360839844,1.5259164571762085,80.3956069946289,1.4031680822372437,95.20879364013672,1.6617069244384766,0.6868131868131868,0.006868131868131868,-0.4977495074272156,-0.86674964427948,0.8742653131484985,1.4085341691970825,1.6609435081481934,0.004694610834121704,-28.518943786621094,-0.49774946826771727,-81.75823974609375,-1.4269504742042287,83.42857360839844,1.456103299708999,80.70305633544922,1.4085340494760583,95.16504669189453,1.6609433975876973,0.4694610834121704,0.004694610834121704,False,False,0.0,0.0,0.0,0.0,0.0,32.097145080566406,32.097145080566406,0.0,33.33686447143555,33.33686447143555,0.0,0.0,0.0,0.0,0.0,0.0
5,445,16.91868679597974,16.929331792984158,False,-27.560440063476562,-0.48102042078971863,-85.14286041259766,-1.486023187637329,87.42857360839844,1.5259164571762085,80.3956069946289,1.4031680822372437,94.94505310058594,1.6571037769317627,0.6868131868131868,0.006868131868131868,-0.4969581365585327,-0.8658467531204224,0.8813992142677307,1.4009673595428467,1.6556391716003418,0.004380710422992706,-28.473602294921875,-0.4969581099498002,-81.14286041259766,-1.4162100786859937,83.42857360839844,1.456103299708999,80.26951599121094,1.4009673430288705,94.86112976074219,1.655639046486532,0.43807104229927063,0.004380710422992706,False,False,0.0,0.0,0.0,0.0,0.0,31.533496856689453,31.533496856689453,0.0,32.92811965942383,32.92811965942383,0.0,0.0,0.0,0.0,0.0,0.0
5,446,16.952100952970795,16.96271724300459,False,-28.263736724853516,-0.49329525232315063,-84.61538696289062,-1.4768171310424805,87.34066009521484,1.5243821144104004,80.3956069946289,1.4031680822372437,95.03296661376953,1.6586381196975708,0.6868131868131868,0.006868131868131868,-0.503058135509491,-0.7720887660980225,0.8161803483963013,1.4023340940475464,1.648447036743164,0.004023514688014984,-28.82310676574707,-0.5030581137161403,-80.61538696289062,-1.4070039302717532,83.34066009521484,1.45456891944695,80.34782409667969,1.4023340773002992,94.44905090332031,1.648446913646664,0.4023514688014984,0.004023514688014984,False,False,0.0,0.0,0.0,0.0,0.0,36.377960205078125,36.377960205078125,0.0,36.57697296142578,36.57697296142578,0.0,0.0,0.0,0.0,0.0,0.0
5,447,16.9855587099446,16.99637156398967,False,-28.439559936523438,-0.49636396765708923,-83.29669952392578,-1.4538016319274902,87.25274658203125,1.5228476524353027,80.3956069946289,1.4031680822372437,95.20879364013672,1.6617069244384766,0.6868131868131868,0.006868131868131868,-0.5093338489532471,-0.6751098036766052,0.745217502117157,1.4066864252090454,1.6523957252502441,0.0037264451384544373,-29.18267822265625,-0.5093338195353985,-79.29669952392578,-1.3839884926571249,83.25274658203125,1.4530345391849007,80.5971908569336,1.4066863483117613,94.67529296875,1.6523955825949244,0.3726445138454437,0.0037264451384544373,False,False,0.0,0.0,0.0,0.0,0.0,40.615760803222656,40.615760803222656,0.0,40.554931640625,40.554931640625,0.0,0.0,0.0,0.0,0.0,0.0
5,448,17.018999608932063,17.02943310199771,False,-28.263736724853516,-0.49329525232315063,-82.32967376708984,-1.436923861503601,87.25274658203125,1.5228476524353027,80.13186645507812,1.3985649347305298,95.38461303710938,1.6647754907608032,0.6868131868131868,0.006868131868131868,-0.5071629285812378,-0.6311461329460144,0.7047796249389648,1.4047391414642334,1.6482055187225342,0.0033708661794662476,-29.05829429626465,-0.5071629104833068,-78.32967376708984,-1.3671107092487478,83.25274658203125,1.4530345391849007,80.4856185913086,1.4047390449226953,94.43521118164062,1.6482053649357937,0.33708661794662476,0.0033708661794662476,False,False,0.0,0.0,0.0,0.0,0.0,42.167667388916016,42.167667388916016,0.0,42.871849060058594,42.871849060058594,0.0,0.0,0.0,0.0,0.0,0.0
5,449,17.052428641938604,17.06380664592143,False,-28.351648330688477,-0.49482959508895874,-81.71428680419922,-1.4261833429336548,87.25274658203125,1.5228476524353027,79.95604705810547,1.3954962491989136,95.03296661376953,1.6586381196975708,0.6868131868131868,0.006868131868131868,-0.5203781723976135,-0.5667849779129028,0.6412537097930908,1.4010792970657349,1.6328372955322266,0.003645464777946472,-29.815471649169922,-0.5203781483130387,-77.71428680419922,-1.3563701805724582,83.25274658203125,1.4530345391849007,80.27592468261719,1.401079195794654,93.55467987060547,1.632837194391328,0.3645464777946472,0.003645464777946472,False,False,0.0,0.0,0.0,0.0,0.0,45.23990249633789,45.23990249633789,0.0,46.51161575317383,46.51161575317383,0.0,0.0,0.0,0.0,0.0,0.0
5,450,17.085755361011252,17.250402020988986,False,-29.05494499206543,-0.5071044564247131,-80.65933990478516,-1.4077709913253784,87.07691955566406,1.5197789669036865,79.78022003173828,1.3924275636672974,95.38461303710938,1.6647754907608032,0.6868131868131868,0.006868131868131868,-0.4966495633125305,-1.5222454071044922,1.503238558769226,1.3936052322387695,1.6688416004180908,0.004007883369922638,-28.455923080444336,-0.4966495494480009,-84.65933990478516,-1.4775842239035237,86.12921905517578,1.503238454684257,79.84769439697266,1.3936051673534011,95.6175765991211,1.6688415344325453,0.4007883369922638,0.004007883369922638,False,False,0.0,0.0,0.0,0.0,0.0,2.5588912963867188,2.5588912963867188,0.0,0.0,0.0,0.0,0.0,0.0,0.0,0.0,0.0
5,451,17.251883039949462,17.262525575933978,False,-29.758241653442383,-0.5193793177604675,-78.9011001586914,-1.3770840167999268,86.37362670898438,1.5075041055679321,79.78022003173828,1.3924275636672974,94.4175796508789,1.6478976011276245,0.6868131868131868,0.006868131868131868,-0.48255568742752075,-1.5763813257217407,1.5279386043548584,1.3892171382904053,1.668022871017456,0.004368193447589874,-27.64840316772461,-0.48255566819562445,-82.9011001586914,-1.4468971512947586,87.54442596435547,1.5279384748464149,79.59627532958984,1.3892170768252774,95.57066345214844,1.6680227455554004,0.4368193447589874,0.004368193447589874,False,False,0.0,0.0,0.0,0.0,0.0,7.418891906738281,7.418891906738281,0.0,0.0,0.0,0.0,0.0,0.0,0.0,0.0,0.0
5,452,17.28541253891308,17.29588636592962,False,-29.934066772460938,-0.5224480032920837,-78.81318664550781,-1.375549554824829,86.37362670898438,1.5075041055679321,79.69230651855469,1.3908931016921997,94.4175796508789,1.6478976011276245,0.6868131868131868,0.006868131868131868,-0.4841727018356323,-1.5815306901931763,1.5217578411102295,1.3958337306976318,1.6646740436553955,0.003019481897354126,-27.741050720214844,-0.48417267303049333,-82.81318664550781,-1.4453627710327095,87.19029998779297,1.521757810588559,79.97537994384766,1.3958337005535792,95.37879180908203,1.6646739536426802,0.3019481897354126,0.003019481897354126,False,False,0.0,0.0,0.0,0.0,0.0,7.801841735839844,7.801841735839844,0.0,0.0,0.0,0.0,0.0,0.0,0.0,0.0,0.0
5,453,17.319189138012007,17.33083878690377,False,-29.230770111083984,-0.5101732015609741,-79.16483306884766,-1.3816869258880615,86.46154022216797,1.5090385675430298,79.69230651855469,1.3908931016921997,94.68132019042969,1.6525007486343384,0.6868131868131868,0.006868131868131868,-0.49628567695617676,-1.538845419883728,1.4859473705291748,1.3940516710281372,1.6656311750411987,0.001908034086227417,-28.435073852539062,-0.4962856617745552,-83.16483306884766,-1.4515001589228516,85.13851165771484,1.4859473486746995,79.87327575683594,1.3940516463101529,95.43363189697266,1.6656310937384549,0.1908034086227417,0.001908034086227417,False,False,0.0,0.0,0.0,0.0,0.0,5.004508972167969,5.004508972167969,0.0,0.0,0.0,0.0,0.0,0.0,0.0,0.0,0.0
5,454,17.352666469989344,17.363513245945796,False,-28.08791160583496,-0.49022653698921204,-80.65933990478516,-1.4077709913253784,87.25274658203125,1.5228476524353027,79.69230651855469,1.3908931016921997,94.85713958740234,1.6555694341659546,0.6868131868131868,0.006868131868131868,-0.49342572689056396,-1.551099181175232,1.4949253797531128,1.3918181657791138,1.6593472957611084,0.0037226602435112,-28.271209716796875,-0.4934256930799191,-84.65933990478516,-1.4775842239035237,85.65290832519531,1.4949252641835202,79.74530029296875,1.3918180531039033,95.07359313964844,1.6593472319883582,0.37226602435112,0.0037226602435112,False,False,0.0,0.0,0.0,0.0,0.0,4.212089538574219,4.212089538574219,0.0,0.0,0.0,0.0,0.0,0.0,0.0,0.0,0.0
5,455,17.386231182958,17.396888084942475,False,-28.263736724853516,-0.49329525232315063,-81.80220031738281,-1.427717685699463,87.6043930053711,1.5289851427078247,79.69230651855469,1.3908931016921997,94.5934066772461,1.6509664058685303,0.6868131868131868,0.006868131868131868,-0.4927624464035034,-1.5572681427001953,1.5050383806228638,1.39265775680542,1.664690613746643,0.002257518470287323,-28.23320770263672,-0.49276243281043486,-85.80220031738281,-1.4975309009940536,86.23234558105469,1.505038352106987,79.79340362548828,1.392657614637551,95.3797378540039,1.6646904652414387,0.2257518470287323,0.002257518470287323,False,False,0.0,0.0,0.0,0.0,0.0,3.4226837158203125,3.4226837158203125,0.0,0.0,0.0,0.0,0.0,0.0,0.0,0.0,0.0
5,456,17.41951626900118,17.431173456949182,False,-28.791208267211914,-0.502501368522644,-82.5934066772461,-1.4415268898010254,87.6043930053711,1.5289851427078247,80.13186645507812,1.3985649347305298,94.94505310058594,1.6571037769317627,0.6868131868131868,0.006868131868131868,-0.4909168481826782,-1.5416768789291382,1.4896917343139648,1.3898017406463623,1.6591285467147827,0.002186819911003113,-28.12746238708496,-0.4909168288854963,-86.5934066772461,-1.511340057036387,85.35304260253906,1.4896916200092964,79.62976837158203,1.38980164068455,95.0610580444336,1.6591284533048083,0.21868199110031128,0.002186819911003113,False,False,0.0,0.0,0.0,0.0,0.0,1.7381668090820312,1.7381668090820312,0.0,0.0,0.0,0.0,0.0,0.0,0.0,0.0,0.0
5,457,17.453524557990022,17.465879856958054,False,-28.615385055541992,-0.49943268299102783,-83.82417297363281,-1.4630078077316284,87.6043930053711,1.5289851427078247,80.30769348144531,1.401633620262146,94.94505310058594,1.6571037769317627,0.6868131868131868,0.006868131868131868,-0.5061715841293335,-1.485590934753418,1.431614875793457,1.3949459791183472,1.6577118635177612,0.001772947609424591,-29.001493453979492,-0.5061715487675247,-85.11808776855469,-1.4855908845627925,83.6043930053711,1.459171927075043,79.92451477050781,1.3949459358042013,94.97988891601562,1.6577117847629406,0.1772947609424591,0.001772947609424591,False,False,0.0,0.0,0.0,0.0,0.0,0.0,0.0,0.0,1.5789108276367188,1.5789108276367188,0.0,0.0,0.0,0.0,0.0,0.0
5,458,17.48708275600802,17.49871757393703,False,-28.08791160583496,-0.49022653698921204,-84.61538696289062,-1.4768171310424805,87.6043930053711,1.5289851427078247,80.30769348144531,1.401633620262146,94.5054931640625,1.6494320631027222,0.6868131868131868,0.006868131868131868,-0.5018269419670105,-1.4936972856521606,1.4365010261535645,1.393509030342102,1.6593563556671143,0.0014886558055877686,-28.7525634765625,-0.5018269010546831,-85.5825424194336,-1.4936971474468301,83.6043930053711,1.459171927075043,79.84217834472656,1.3935088940799947,95.07411193847656,1.6593562867360645,0.14886558055877686,0.0014886558055877686,False,False,0.0,0.0,0.0,0.0,0.0,0.0,0.0,0.0,1.2989501953125,1.2989501953125,0.0,0.0,0.0,0.0,0.0,0.0
5,459,17.520568104926497,17.533225195948035,False,-28.351648330688477,-0.49482959508895874,-85.23076629638672,-1.4875575304031372,87.51648712158203,1.5274507999420166,80.30769348144531,1.401633620262146,94.5054931640625,1.6494320631027222,0.6868131868131868,0.006868131868131868,-0.49879705905914307,-1.4562478065490723,1.40053129196167,1.391911268234253,1.6709425449371338,0.0017618536949157715,-28.578964233398438,-0.4987970226824999,-83.43685150146484,-1.4562477761981358,83.51648712158203,1.4576376799710482,79.7506332397461,1.3919111305840017,95.73795318603516,1.6709425022165088,0.17618536949157715,0.0017618536949157715,False,False,0.0,0.0,0.0,0.0,0.0,0.0,0.0,0.0,3.2719573974609375,3.2719573974609375,0.0,0.0,0.0,0.0,0.0,0.0
5,460,17.55508166598156,17.56822165590711,False,-29.14285659790039,-0.5086387991905212,-84.79120635986328,-1.4798856973648071,87.16483306884766,1.5213133096694946,80.30769348144531,1.401633620262146,94.5054931640625,1.6494320631027222,0.6868131868131868,0.006868131868131868,-0.4918016195297241,-1.528235673904419,1.4709668159484863,1.387552261352539,1.6570775508880615,0.0013244375586509705,-28.17815589904785,-0.4918015975786479,-87.56144714355469,-1.5282355504660132,84.28018951416016,1.4709668012268948,79.50088500976562,1.3875522016698145,94.94354248046875,1.6570774197912836,0.13244375586509705,0.0013244375586509705,False,False,0.0,0.0,0.0,0.0,0.0,0.0,0.0,0.0,0.0,0.0,0.0,0.0,0.0,0.0,0.0,0.0
5,461,17.587708347011358,17.5987903989153,False,-28.879121780395508,-0.5040357708930969,-84.96703338623047,-1.482954502105713,87.16483306884766,1.5213133096694946,80.30769348144531,1.401633620262146,94.94505310058594,1.6571037769317627,0.6868131868131868,0.006868131868131868,-0.4939013123512268,-1.5421940088272095,1.490296721458435,1.3877440690994263,1.6531707048416138,0.00044570863246917725,-28.298460006713867,-0.49390130036109364,-88.3612060546875,-1.5421939766874455,85.38771057128906,1.4902966902089625,79.51187133789062,1.3877439492683001,94.71969604492188,1.6531705624721376,0.044570863246917725,0.00044570863246917725,False,False,0.0,0.0,0.0,0.0,0.0,0.0,0.0,0.0,0.0,0.0,0.0,0.0,0.0,0.0,0.0,0.0
5,462,17.6212080019759,17.632022326928563,False,-28.263736724853516,-0.49329525232315063,-85.05494689941406,-1.484488844871521,87.16483306884766,1.5213133096694946,80.30769348144531,1.401633620262146,94.5934066772461,1.6509664058685303,0.6868131868131868,0.006868131868131868,-0.48367029428482056,-1.5544164180755615,1.488591194152832,1.3849492073059082,1.6601805686950684,0.002007097005844116,-27.712265014648438,-0.48367026769084986,-89.05494689941406,-1.554302038583491,85.28998565673828,1.4885910686888213,79.35173797607422,1.3849490948623164,95.121337890625,1.660180535093444,0.20070970058441162,0.002007097005844116,False,False,0.0,0.0,0.0,0.0,0.0,0.0065460205078125,0.0065460205078125,0.0,0.0,0.0,0.0,0.0,0.0,0.0,0.0,0.0
5,463,17.654640167951584,17.66514216491487,False,-28.263736724853516,-0.49329525232315063,-85.14286041259766,-1.486023187637329,87.16483306884766,1.5213133096694946,80.30769348144531,1.401633620262146,94.5934066772461,1.6509664058685303,0.6868131868131868,0.006868131868131868,-0.48777908086776733,-1.5530017614364624,1.5040826797485352,1.3839505910873413,1.6540722846984863,0.0029390379786491394,-27.947681427001953,-0.48777905919965137,-88.98043823242188,-1.553001617023205,86.17758178710938,1.5040825435917575,79.29452514648438,1.3839505426115912,94.77135467529297,1.6540721756591839,0.29390379786491394,0.0029390379786491394,False,False,0.0,0.0,0.0,0.0,0.0,0.0,0.0,0.0,0.0,0.0,0.0,0.0,0.0,0.0,0.0,0.0
5,464,17.688009041943587,17.69859861501027,False,-28.615385055541992,-0.49943268299102783,-86.19779968261719,-1.504435420036316,87.16483306884766,1.5213133096694946,80.30769348144531,1.401633620262146,94.68132019042969,1.6525007486343384,0.6868131868131868,0.006868131868131868,-0.4827079772949219,-1.580039620399475,1.5050551891326904,1.3875274658203125,1.6594257354736328,0.0025948137044906616,-27.657127380371094,-0.4827079344309497,-90.19779968261719,-1.5742485825159662,86.23330688476562,1.5050551300218546,79.49946594238281,1.3875274342716768,95.07808685302734,1.6594256620824612,0.25948137044906616,0.0025948137044906616,False,False,0.0,0.0,0.0,0.0,0.0,0.33179473876953125,0.33179473876953125,0.0,0.0,0.0,0.0,0.0,0.0,0.0,0.0,0.0
5,465,17.721499557956122,17.731944405008107,False,-28.351648330688477,-0.49482959508895874,-87.6043930053711,-1.5289851427078247,87.16483306884766,1.5213133096694946,80.30769348144531,1.401633620262146,94.76923370361328,1.6540350914001465,0.6868131868131868,0.006868131868131868,-0.48294544219970703,-1.5868003368377686,1.5025500059127808,1.3862836360931396,1.6505061388015747,0.0020951181650161743,-27.670734405517578,-0.4829454218211575,-90.91695404052734,-1.5868001938915643,86.08976745605469,1.502549894384417,79.4281997680664,1.3862836048845553,94.56703186035156,1.6505060698015133,0.20951181650161743,0.0020951181650161743,False,False,0.0,0.0,0.0,0.0,0.0,0.0,0.0,0.0,0.0,0.0,0.0,0.0,0.0,0.0,0.0,0.0
5,466,17.75483413191978,17.766841278993525,False,-27.91208839416504,-0.4871578514575958,-88.92308044433594,-1.5520005226135254,87.16483306884766,1.5213133096694946,80.30769348144531,1.401633620262146,94.68132019042969,1.6525007486343384,0.6868131868131868,0.006868131868131868,-0.47285550832748413,-1.5941416025161743,1.498068928718567,1.3916288614273071,1.651535153388977,0.0017147213220596313,-27.092622756958008,-0.4728554701096607,-91.33757781982422,-1.5941414637524767,85.83302307128906,1.4980688595342497,79.73445892333984,1.3916288355084532,94.62599182128906,1.65153511524672,0.17147213220596313,0.0017147213220596313,False,False,0.0,0.0,0.0,0.0,0.0,0.0,0.0,0.0,0.0,0.0,0.0,0.0,0.0,0.0,0.0,0.0
5,467,17.78860925300978,17.800515137962066,False,-27.736263275146484,-0.48408910632133484,-89.18681335449219,-1.5566035509109497,87.16483306884766,1.5213133096694946,80.30769348144531,1.401633620262146,94.5934066772461,1.6509664058685303,0.6868131868131868,0.006868131868131868,-0.46515607833862305,-1.5791867971420288,1.503713846206665,1.3856788873672485,1.6483187675476074,0.002643600106239319,-26.651477813720703,-0.46515603837164626,-90.4807357788086,-1.5791867489672458,86.15645599365234,1.503713828938836,79.39354705810547,1.3856788010009982,94.44170379638672,1.6483186824401765,0.2643600106239319,0.002643600106239319,False,False,0.0,0.0,0.0,0.0,0.0,0.0,0.0,0.0,0.0,0.0,0.0,0.0,0.0,0.0,0.0,0.0
5,468,17.82198603998404,17.83386039698962,False,-27.824174880981445,-0.48562344908714294,-89.62637329101562,-1.5642752647399902,87.16483306884766,1.5213133096694946,80.30769348144531,1.401633620262146,94.5934066772461,1.6509664058685303,0.6868131868131868,0.006868131868131868,-0.4854249358177185,-1.5096856355667114,1.4500609636306763,1.3896560668945312,1.6579095125198364,0.003278568387031555,-27.81279945373535,-0.48542492466456216,-86.49861145019531,-1.5096855682091754,83.16483306884766,1.4515001589228516,79.62142181396484,1.3896559657729226,94.9912109375,1.6579093913158245,0.3278568387031555,0.003278568387031555,False,False,0.0,0.0,0.0,0.0,0.0,0.0,0.0,0.0,0.08246612548828125,0.08246612548828125,0.0,0.0,0.0,0.0,0.0,0.0
5,469,17.855497678974643,17.867193181999028,False,-27.736263275146484,-0.48408910632133484,-90.32967376708984,-1.5765502452850342,87.16483306884766,1.5213133096694946,80.30769348144531,1.401633620262146,94.68132019042969,1.6525007486343384,0.6868131868131868,0.006868131868131868,-0.47412991523742676,-1.5813792943954468,1.488890290260315,1.3903560638427734,1.6510614156723022,0.003290891647338867,-27.16564178466797,-0.4741298925598045,-90.60635375976562,-1.5813791963346535,85.30712890625,1.4888902748372916,79.66152954101562,1.39035597766545,94.59884643554688,1.6510613388887947,0.3290891647338867,0.003290891647338867,False,False,0.0,0.0,0.0,0.0,0.0,0.0,0.0,0.0,0.0,0.0,0.0,0.0,0.0,0.0,0.0,0.0
5,470,17.888670881977305,17.90042140695732,False,-27.208791732788086,-0.47488299012184143,-90.24176025390625,-1.5750157833099365,87.07691955566406,1.5197789669036865,80.30769348144531,1.401633620262146,94.68132019042969,1.6525007486343384,0.6868131868131868,0.006868131868131868,-0.48735541105270386,-1.5231083631515503,1.4602892398834229,1.3892892599105835,1.6522279977798462,0.003444373607635498,-27.92340660095215,-0.48735538355973335,-87.2676773071289,-1.5231082995773382,83.66840362548828,1.4602891231523312,79.60041046142578,1.3892892484908186,94.66568756103516,1.652227936604304,0.3444373607635498,0.003444373607635498,False,False,0.0,0.0,0.0,0.0,0.0,0.0,0.0,0.0,0.0,0.0,0.0,0.0,0.0,0.0,0.0,0.0
5,471,17.92223940999247,17.935611923923716,False,-27.296703338623047,-0.47641733288764954,-88.92308044433594,-1.5520005226135254,86.81318664550781,1.5151759386062622,80.30769348144531,1.401633620262146,94.5934066772461,1.6509664058685303,0.6868131868131868,0.006868131868131868,-0.467951238155365,-1.6019418239593506,1.507751703262329,1.3901238441467285,1.654384970664978,0.004422426223754883,-26.811630249023438,-0.46795122567276615,-91.78450012207031,-1.6019417294272642,86.38780212402344,1.5077515806255597,79.64822387695312,1.390123750018395,94.78926849365234,1.654384830771159,0.4422426223754883,0.004422426223754883,False,False,0.0,0.0,0.0,0.0,0.0,0.0,0.0,0.0,0.0,0.0,0.0,0.0,0.0,0.0,0.0,0.0
5,472,17.955587025964633,17.96744800999295,False,-27.91208839416504,-0.4871578514575958,-87.86813354492188,-1.533588171005249,86.72527313232422,1.513641595840454,80.30769348144531,1.401633620262146,94.68132019042969,1.6525007486343384,0.6868131868131868,0.006868131868131868,-0.47462308406829834,-1.5760427713394165,1.5014725923538208,1.387078046798706,1.6466439962387085,0.005231179296970367,-27.193897247314453,-0.47462304341465994,-90.30059051513672,-1.5760426209842981,86.02803802490234,1.5014725125654256,79.47371673583984,1.3870780258377258,94.34574890136719,1.6466439535886803,0.5231179296970367,0.005231179296970367,False,False,0.0,0.0,0.0,0.0,0.0,0.0,0.0,0.0,0.0,0.0,0.0,0.0,0.0,0.0,0.0,0.0
5,473,17.98903242999222,18.001911420957185,False,-27.91208839416504,-0.4871578514575958,-87.95604705810547,-1.5351226329803467,86.72527313232422,1.513641595840454,80.30769348144531,1.401633620262146,94.68132019042969,1.6525007486343384,0.6868131868131868,0.006868131868131868,-0.47134464979171753,-1.5845023393630981,1.5178231000900269,1.3839510679244995,1.6455109119415283,0.0041004568338394165,-27.006057739257812,-0.4713446255337451,-90.78529357910156,-1.5845022853449895,86.96485137939453,1.517822990077967,79.29454803466797,1.3839509420857548,94.28082275390625,1.6455107785448515,0.41004568338394165,0.0041004568338394165,False,False,0.0,0.0,0.0,0.0,0.0,0.0,0.0,0.0,0.0,0.0,0.0,0.0,0.0,0.0,0.0,0.0
5,474,18.02257940196432,18.035868162987754,False,-27.384614944458008,-0.47795170545578003,-89.27472686767578,-1.5581378936767578,87.16483306884766,1.5213133096694946,80.30769348144531,1.401633620262146,94.5934066772461,1.6509664058685303,0.6868131868131868,0.006868131868131868,-0.4768858551979065,-1.5672087669372559,1.5040022134780884,1.3837649822235107,1.646997332572937,0.004014924168586731,-27.323545455932617,-0.47688583152435937,-89.79444122314453,-1.5672086493323965,86.1729736328125,1.5040021161268373,79.28388977050781,1.3837649202836129,94.3659896850586,1.6469972219072793,0.4014924168586731,0.004014924168586731,False,False,0.0,0.0,0.0,0.0,0.0,0.0,0.0,0.0,0.0,0.0,0.0,0.0,0.0,0.0,0.0,0.0
5,475,18.055823782924563,18.068976535927504,False,-26.94505500793457,-0.4702799320220947,-90.06593322753906,-1.5719470977783203,87.25274658203125,1.5228476524353027,80.30769348144531,1.401633620262146,94.5934066772461,1.6509664058685303,0.6868131868131868,0.006868131868131868,-0.4759604334831238,-1.56000816822052,1.5015698671340942,1.3835022449493408,1.6415427923202515,0.005156397819519043,-27.270523071289062,-0.47596041633507047,-89.38188171386719,-1.5600081275350945,86.03361511230469,1.5015698511032678,79.26883697509766,1.3835021994420764,94.053466796875,1.6415426685206336,0.5156397819519043,0.005156397819519043,False,False,0.0,0.0,0.0,0.0,0.0,0.0,0.0,0.0,0.0,0.0,0.0,0.0,0.0,0.0,0.0,0.0
5,476,18.089508157921955,18.100006675929762,False,-26.94505500793457,-0.4702799320220947,-90.15384674072266,-1.5734814405441284,87.34066009521484,1.5243821144104004,80.30769348144531,1.401633620262146,94.5934066772461,1.6509664058685303,0.6868131868131868,0.006868131868131868,-0.4785557985305786,-1.5784932374954224,1.5071160793304443,1.3853423595428467,1.649139642715454,0.005020953714847565,-27.419225692749023,-0.47855576668589356,-90.44099426269531,-1.5784931286613346,86.35138702392578,1.5071160172314124,79.374267578125,1.3853423105972666,94.48873901367188,1.6491396018461937,0.5020953714847565,0.005020953714847565,False,False,0.0,0.0,0.0,0.0,0.0,0.0,0.0,0.0,0.0,0.0,0.0,0.0,0.0,0.0,0.0,0.0
5,477,18.12282354501076,18.134393748943694,False,-27.208791732788086,-0.47488299012184143,-89.53845977783203,-1.5627409219741821,87.42857360839844,1.5259164571762085,80.30769348144531,1.401633620262146,94.5054931640625,1.6494320631027222,0.6868131868131868,0.006868131868131868,-0.48502492904663086,-1.5453063249588013,1.4871735572814941,1.386799693107605,1.6439319849014282,0.004913151264190674,-27.789880752563477,-0.4850249178688323,-88.5395278930664,-1.5453062798953667,85.2087631225586,1.487173468040572,79.457763671875,1.3867995923457581,94.19036102294922,1.6439319234925982,0.4913151264190674,0.004913151264190674,False,False,0.0,0.0,0.0,0.0,0.0,0.0,0.0,0.0,0.0,0.0,0.0,0.0,0.0,0.0,0.0,0.0
5,478,18.156148496898822,18.169587092939764,False,-27.384614944458008,-0.47795170545578003,-89.53845977783203,-1.5627409219741821,87.42857360839844,1.5259164571762085,80.30769348144531,1.401633620262146,94.5054931640625,1.6494320631027222,0.6868131868131868,0.006868131868131868,-0.4915071129798889,-1.5107601881027222,1.4537382125854492,1.3855185508728027,1.6531426906585693,0.004481762647628784,-28.16128158569336,-0.49150708525159875,-86.5601806640625,-1.5107601537090223,83.42857360839844,1.456103299708999,79.38436126708984,1.3855184787033754,94.71809387207031,1.6531425992806916,0.4481762647628784,0.004481762647628784,False,False,0.0,0.0,0.0,0.0,0.0,0.0,0.0,0.0,0.1355133056640625,0.1355133056640625,0.0,0.0,0.0,0.0,0.0,0.0
5,479,18.189741873997264,18.20294952497352,False,-27.47252655029297,-0.47948604822158813,-89.97801971435547,-1.5704126358032227,87.42857360839844,1.5259164571762085,80.30769348144531,1.401633620262146,94.5054931640625,1.6494320631027222,0.6868131868131868,0.006868131868131868,-0.4946976900100708,-1.507152795791626,1.4266802072525024,1.3872253894805908,1.6511646509170532,0.004277251660823822,-28.344087600708008,-0.4946976521060546,-86.3534927368164,-1.5071527688544555,83.42857360839844,1.456103299708999,79.4821548461914,1.3872252986460072,94.6047592163086,1.6511645363810352,0.4277251660823822,0.004277251660823822,False,False,0.0,0.0,0.0,0.0,0.0,0.0,0.0,0.0,1.685821533203125,1.685821533203125,0.0,0.0,0.0,0.0,0.0,0.0
5,480,18.22324410395231,18.387092591961846,False,-27.384614944458008,-0.47795170545578003,-89.53845977783203,-1.5627409219741821,87.25274658203125,1.5228476524353027,80.30769348144531,1.401633620262146,94.5054931640625,1.6494320631027222,0.6868131868131868,0.006868131868131868,-0.4711357355117798,-1.6089565753936768,1.520607352256775,1.3958251476287842,1.6470891237258911,0.005689665675163269,-26.99408721923828,-0.4711357005462284,-92.18641662597656,-1.608956495738533,87.12438201904297,1.5206073249976448,79.97488403320312,1.3958250452800367,94.37124633789062,1.6470889678068326,0.5689665675163269,0.005689665675163269,False,False,0.0,0.0,0.0,0.0,0.0,0.0,0.0,0.0,0.0,0.0,0.0,0.0,0.0,0.0,0.0,0.0
5,481,18.388565923902206,18.40250180591829,False,-27.91208839416504,-0.4871578514575958,-87.16483306884766,-1.5213133096694946,86.81318664550781,1.5151759386062622,80.30769348144531,1.401633620262146,94.5054931640625,1.6494320631027222,0.6868131868131868,0.006868131868131868,-0.45676785707473755,-1.6385940313339233,1.5500274896621704,1.392295479774475,1.6404536962509155,0.004466243088245392,-26.170869827270508,-0.45676784659671005,-91.16483306884766,-1.591126499082398,88.81002807617188,1.5500273987178046,79.77265167236328,1.3922954247293,93.9910659790039,1.6404535687928457,0.4466243088245392,0.004466243088245392,False,False,0.0,0.0,0.0,0.0,0.0,2.7196807861328125,2.7196807861328125,0.0,0.0,0.0,0.0,0.0,0.0,0.0,0.0,0.0
5,482,18.42203014390543,18.43286812992301,False,-27.824174880981445,-0.48562344908714294,-87.07691955566406,-1.5197789669036865,86.81318664550781,1.5151759386062622,80.30769348144531,1.401633620262146,94.5054931640625,1.6494320631027222,0.6868131868131868,0.006868131868131868,-0.45325541496276855,-1.6357654333114624,1.538935661315918,1.3930000066757202,1.641670823097229,0.0027723610401153564,-25.969621658325195,-0.45325540343500453,-91.07691955566406,-1.5895921188203488,88.17451477050781,1.5389355990937337,79.81301879882812,1.3929999639956805,94.06080627441406,1.6416707665690664,0.27723610401153564,0.0027723610401153564,False,False,0.0,0.0,0.0,0.0,0.0,2.6455307006835938,2.6455307006835938,0.0,0.0,0.0,0.0,0.0,0.0,0.0,0.0,0.0
5,483,18.45579011400696,18.466616824967787,False,-27.736263275146484,-0.48408910632133484,-87.07691955566406,-1.5197789669036865,86.9011001586914,1.5167102813720703,80.3956069946289,1.4031680822372437,94.5054931640625,1.6494320631027222,0.6868131868131868,0.006868131868131868,-0.45275360345840454,-1.6288882493972778,1.5352717638015747,1.3900659084320068,1.6411372423171997,0.0038328319787979126,-25.940868377685547,-0.4527535640170927,-91.07691955566406,-1.5895921188203488,87.96458435058594,1.5352716220660025,79.64490509033203,1.3900658262646857,94.03023529052734,1.641137202244669,0.38328319787979126,0.0038328319787979126,False,False,0.0,0.0,0.0,0.0,0.0,2.251495361328125,2.251495361328125,0.0,0.0,0.0,0.0,0.0,0.0,0.0,0.0,0.0
5,484,18.48879838292487,18.500365796964616,False,-27.120878219604492,-0.47334861755371094,-89.18681335449219,-1.5566035509109497,87.86813354492188,1.533588171005249,80.3956069946289,1.4031680822372437,94.68132019042969,1.6525007486343384,0.6868131868131868,0.006868131868131868,-0.4568072557449341,-1.586007833480835,1.5149012804031372,1.3962640762329102,1.6479160785675049,0.0034164413809776306,-26.173126220703125,-0.45680722809132956,-90.87155151367188,-1.5860077703092113,86.79744720458984,1.514901236046041,80.00003051757812,1.3962639342276817,94.41863250732422,1.6479160124833567,0.34164413809776306,0.0034164413809776306,False,False,0.0,0.0,0.0,0.0,0.0,0.0,0.0,0.0,0.0,0.0,0.0,0.0,0.0,0.0,0.0,0.0
5,485,18.52217159094289,18.53244196495507,False,-26.241758346557617,-0.45800507068634033,-90.24176025390625,-1.5750157833099365,88.3956069946289,1.5427943468093872,80.3956069946289,1.4031680822372437,94.5054931640625,1.6494320631027222,0.6868131868131868,0.006868131868131868,-0.4663325548171997,-1.609663963317871,1.523186206817627,1.394685983657837,1.642318606376648,0.0036569759249687195,-26.71888542175293,-0.4663325230727024,-92.22694396972656,-1.609663831324058,87.27213287353516,1.5231860638811685,79.90961456298828,1.3946858781237552,94.0979232788086,1.6423185805042282,0.36569759249687195,0.0036569759249687195,False,False,0.0,0.0,0.0,0.0,0.0,0.0,0.0,0.0,0.0,0.0,0.0,0.0,0.0,0.0,0.0,0.0
5,486,18.555427975952625,18.56729378597811,False,-26.329669952392578,-0.45953941345214844,-89.97801971435547,-1.5704126358032227,88.3956069946289,1.5427943468093872,80.3956069946289,1.4031680822372437,94.4175796508789,1.6478976011276245,0.6868131868131868,0.006868131868131868,-0.4677860140800476,-1.5538477897644043,1.4905637502670288,1.398728609085083,1.6517484188079834,0.0034166276454925537,-26.802162170410156,-0.4677859765271267,-89.02891540527344,-1.5538477033015232,85.40300750732422,1.490563672108243,80.14124298095703,1.3987285566584955,94.6382064819336,1.6517483012919807,0.34166276454925537,0.0034166276454925537,False,False,0.0,0.0,0.0,0.0,0.0,0.0,0.0,0.0,0.0,0.0,0.0,0.0,0.0,0.0,0.0,0.0
5,487,18.588974029989913,18.600879653939046,False,-26.769229888916016,-0.46721118688583374,-90.15384674072266,-1.5734814405441284,88.3956069946289,1.5427943468093872,80.3956069946289,1.4031680822372437,94.76923370361328,1.6540350914001465,0.6868131868131868,0.006868131868131868,-0.47380250692367554,-1.515466332435608,1.4407097101211548,1.400512456893921,1.6454150676727295,0.002248704433441162,-27.146883010864258,-0.4738024901932929,-86.82981872558594,-1.5154662256713014,84.3956069946289,1.4729812162754308,80.24344635009766,1.4005123419566305,94.27533721923828,1.6454150379036632,0.2248704433441162,0.002248704433441162,False,False,0.0,0.0,0.0,0.0,0.0,0.0,0.0,0.0,1.8490219116210938,1.8490219116210938,0.0,0.0,0.0,0.0,0.0,0.0
5,488,18.62228458293248,18.634758580941707,False,-26.681318283081055,-0.46567684412002563,-91.12088012695312,-1.5903593301773071,88.3956069946289,1.5427943468093872,80.3956069946289,1.4031680822372437,94.76923370361328,1.6540350914001465,0.6868131868131868,0.006868131868131868,-0.48163342475891113,-1.4483392238616943,1.3830716609954834,1.399620532989502,1.6460603475570679,0.002226807177066803,-27.59556007385254,-0.48163338222061636,-87.12088012695312,-1.5205462054506276,84.3956069946289,1.4729812162754308,80.19234466552734,1.399620449307563,94.31230926513672,1.6460603218357894,0.2226807177066803,0.002226807177066803,False,False,0.0,0.0,0.0,0.0,0.0,4.1371612548828125,4.1371612548828125,0.0,5.1514434814453125,5.1514434814453125,0.0,0.0,0.0,0.0,0.0,0.0
5,489,18.655774108949117,18.667354088975117,False,-26.329669952392578,-0.45953941345214844,-90.76923370361328,-1.5842219591140747,87.95604705810547,1.5351226329803467,80.3956069946289,1.4031680822372437,94.4175796508789,1.6478976011276245,0.6868131868131868,0.006868131868131868,-0.4731965661048889,-1.4976716041564941,1.3959077596664429,1.3976187705993652,1.6443357467651367,0.003385975956916809,-27.112165451049805,-0.4731965544662726,-86.76923370361328,-1.5144088175604853,83.95604705810547,1.4653094481232396,80.07765197753906,1.3976186842742049,94.21349334716797,1.6443356587138542,0.3385975956916809,0.003385975956916809,False,False,0.0,0.0,0.0,0.0,0.0,0.9589767456054688,0.9589767456054688,0.0,3.9764251708984375,3.9764251708984375,0.0,0.0,0.0,0.0,0.0,0.0
5,490,18.6891768949572,18.7022543749772,False,-26.94505500793457,-0.4702799320220947,-89.18681335449219,-1.5566035509109497,87.6043930053711,1.5289851427078247,80.3956069946289,1.4031680822372437,94.4175796508789,1.6478976011276245,0.6868131868131868,0.006868131868131868,-0.4656209945678711,-1.5870132446289062,1.4706014394760132,1.3986085653305054,1.6428672075271606,0.0031390488147735596,-26.678115844726562,-0.46562095971894685,-90.92915344238281,-1.5870131136207162,84.2592544555664,1.470601415525336,80.13436126708984,1.398608448093333,94.12934875488281,1.64286705853073,0.31390488147735596,0.0031390488147735596,False,False,0.0,0.0,0.0,0.0,0.0,0.0,0.0,0.0,0.0,0.0,0.0,0.0,0.0,0.0,0.0,0.0
5,491,18.722476210910827,18.733292571967468,False,-27.47252655029297,-0.47948604822158813,-87.6043930053711,-1.5289851427078247,87.51648712158203,1.5274507999420166,80.3956069946289,1.4031680822372437,94.85713958740234,1.6555694341659546,0.6868131868131868,0.006868131868131868,-0.4580450654029846,-1.6168321371078491,1.5062282085418701,1.3956600427627563,1.637122392654419,0.004143543541431427,-26.244047164916992,-0.4580450320764848,-91.6043930053711,-1.5987982672345893,86.3005142211914,1.50622811932398,79.96542358398438,1.3956599292924516,93.80020141601562,1.63712235374332,0.4143543541431427,0.004143543541431427,False,False,0.0,0.0,0.0,0.0,0.0,1.0332565307617188,1.0332565307617188,0.0,0.0,0.0,0.0,0.0,0.0,0.0,0.0,0.0
5,492,18.756161147961393,18.768146959948353,False,-26.85714340209961,-0.4687455892562866,-87.78022003173828,-1.532053828239441,87.51648712158203,1.5274507999420166,80.3956069946289,1.4031680822372437,94.5934066772461,1.6509664058685303,0.6868131868131868,0.006868131868131868,-0.45771241188049316,-1.5817354917526245,1.465688943862915,1.4003360271453857,1.637461543083191,0.0030155330896377563,-26.22498893737793,-0.4577124032563339,-90.62676239013672,-1.5817353941304515,83.977783203125,1.4656888154205212,80.23333740234375,1.4003359075344128,93.81963348388672,1.6374615073081416,0.30155330896377563,0.0030155330896377563,False,False,0.0,0.0,0.0,0.0,0.0,0.0,0.0,0.0,0.0,0.0,0.0,0.0,0.0,0.0,0.0,0.0
5,493,18.78943539399188,18.799874224932864,False,-26.329669952392578,-0.45953941345214844,-88.92308044433594,-1.5520005226135254,87.51648712158203,1.5274507999420166,80.3956069946289,1.4031680822372437,94.4175796508789,1.6478976011276245,0.6868131868131868,0.006868131868131868,-0.456254243850708,-1.622321367263794,1.5006476640701294,1.3927909135818481,1.6349432468414307,0.004643365740776062,-26.141441345214844,-0.45625422269097465,-92.92308044433594,-1.6218137048492176,85.98077392578125,1.5006475984177734,79.80103302001953,1.3927907726920548,93.67534637451172,1.6349432221813627,0.4643365740776062,0.004643365740776062,False,False,0.0,0.0,0.0,0.0,0.0,0.029083251953125,0.029083251953125,0.0,0.0,0.0,0.0,0.0,0.0,0.0,0.0,0.0
5,494,18.82274104899261,18.8331544729881,False,-26.681318283081055,-0.46567684412002563,-90.68132019042969,-1.5826876163482666,87.51648712158203,1.5274507999420166,80.3956069946289,1.4031680822372437,94.4175796508789,1.6478976011276245,0.6868131868131868,0.006868131868131868,-0.4516609311103821,-1.6114323139190674,1.5168204307556152,1.3916966915130615,1.6350977420806885,0.004885226488113403,-25.878263473510742,-0.4516609023113468,-92.32826232910156,-1.6114321702878707,86.90740203857422,1.5168203099275521,79.73834228515625,1.3916966129581958,93.68419647216797,1.6350976855245873,0.48852264881134033,0.004885226488113403,False,False,0.0,0.0,0.0,0.0,0.0,0.0,0.0,0.0,0.0,0.0,0.0,0.0,0.0,0.0,0.0,0.0
5,495,18.856182529008947,18.866821231902577,False,-26.85714340209961,-0.4687455892562866,-91.20879364013672,-1.5918937921524048,87.51648712158203,1.5274507999420166,80.3956069946289,1.4031680822372437,94.76923370361328,1.6540350914001465,0.6868131868131868,0.006868131868131868,-0.45561379194259644,-1.6070117950439453,1.5178004503250122,1.3901300430297852,1.6314303874969482,0.0045461952686309814,-26.104745864868164,-0.4556137657383242,-92.07498931884766,-1.6070117223525027,86.96355438232422,1.5178003532087012,79.6485824584961,1.3901300084469566,93.47406768798828,1.631430246387439,0.45461952686309814,0.0045461952686309814,False,False,0.0,0.0,0.0,0.0,0.0,0.0,0.0,0.0,0.0,0.0,0.0,0.0,0.0,0.0,0.0,0.0
5,496,18.889527356950566,18.900314271915704,False,-26.41758155822754,-0.46107378602027893,-91.82417297363281,-1.6026341915130615,87.51648712158203,1.5274507999420166,80.3956069946289,1.4031680822372437,94.68132019042969,1.6525007486343384,0.6868131868131868,0.006868131868131868,-0.4532545804977417,-1.6046407222747803,1.5152508020401,1.389906406402588,1.6327208280563354,0.003837674856185913,-25.969573974609375,-0.4532545711971639,-91.93913269042969,-1.6046405768759506,86.81747436523438,1.5152507759391138,79.6357650756836,1.38990630291539,93.54800415039062,1.632720681093637,0.3837674856185913,0.003837674856185913,False,False,0.0,0.0,0.0,0.0,0.0,0.0,0.0,0.0,0.0,0.0,0.0,0.0,0.0,0.0,0.0,0.0
5,497,18.9237362180138,18.934150684974156,False,-25.89011001586914,-0.4518676698207855,-91.82417297363281,-1.6026341915130615,87.6043930053711,1.5289851427078247,80.3956069946289,1.4031680822372437,94.06593322753906,1.641760230064392,0.6868131868131868,0.006868131868131868,-0.45447295904159546,-1.5954596996307373,1.5048185586929321,1.390934705734253,1.6410348415374756,0.0038085058331489563,-26.03938102722168,-0.4544729341063615,-91.41310119628906,-1.5954595953340114,86.2197494506836,1.504818508159001,79.69468688964844,1.3909346825703242,94.02436828613281,1.6410348037007554,0.38085058331489563,0.0038085058331489563,False,False,0.0,0.0,0.0,0.0,0.0,0.0,0.0,0.0,0.0,0.0,0.0,0.0,0.0,0.0,0.0,0.0
5,498,18.95717559393961,18.96772910899017,False,-25.9780216217041,-0.45340201258659363,-91.82417297363281,-1.6026341915130615,87.6043930053711,1.5289851427078247,80.3956069946289,1.4031680822372437,94.06593322753906,1.641760230064392,0.6868131868131868,0.006868131868131868,-0.4594290852546692,-1.5851843357086182,1.491175889968872,1.3911045789718628,1.6372419595718384,0.004016056656837463,-26.323345184326172,-0.45942904360548537,-90.8243637084961,-1.5851841877421042,85.43807983398438,1.4911757996847976,79.70441436767578,1.3911044590898167,93.80705261230469,1.6372419296762646,0.40160566568374634,0.004016056656837463,False,False,0.0,0.0,0.0,0.0,0.0,0.0,0.0,0.0,0.0,0.0,0.0,0.0,0.0,0.0,0.0,0.0
5,499,18.99072773195803,19.001376847969368,False,-26.241758346557617,-0.45800507068634033,-91.73626708984375,-1.6010998487472534,87.6043930053711,1.5289851427078247,80.3956069946289,1.4031680822372437,94.06593322753906,1.641760230064392,0.6868131868131868,0.006868131868131868,-0.450705349445343,-1.5656644105911255,1.4547134637832642,1.3944379091262817,1.6423778533935547,0.005314074456691742,-25.82351303100586,-0.4507053268227128,-89.7059555053711,-1.5656642822162594,83.6043930053711,1.459171927075043,79.89540100097656,1.3944378046682142,94.10131072998047,1.6423777026804278,0.5314074456691742,0.005314074456691742,False,False,0.0,0.0,0.0,0.0,0.0,0.0,0.0,0.0,0.25545501708984375,0.25545501708984375,0.0,0.0,0.0,0.0,0.0,0.0
5,500,19.02418145700358,19.03713692491874,False,-26.41758155822754,-0.46107378602027893,-91.73626708984375,-1.6010998487472534,87.6043930053711,1.5289851427078247,80.3956069946289,1.4031680822372437,94.06593322753906,1.641760230064392,0.6868131868131868,0.006868131868131868,-0.44821202754974365,-1.6092606782913208,1.497937798500061,1.391911506652832,1.6343069076538086,0.007409296929836273,-25.68065643310547,-0.44821200883115336,-92.20384216308594,-1.60926062873502,85.82550811767578,1.4979376988505633,79.75064849853516,1.3919113969001107,93.63888549804688,1.6343068598388883,0.7409296929836273,0.007409296929836273,False,False,0.0,0.0,0.0,0.0,0.0,0.0,0.0,0.0,0.0,0.0,0.0,0.0,0.0,0.0,0.0,0.0
5,501,19.057622740976512,19.071238109958358,False,-26.329669952392578,-0.45953941345214844,-91.29669952392578,-1.5934280157089233,87.51648712158203,1.5274507999420166,80.3956069946289,1.4031680822372437,94.06593322753906,1.641760230064392,0.6868131868131868,0.006868131868131868,-0.4624575972557068,-1.588318943977356,1.492781400680542,1.388974905014038,1.6395316123962402,0.005699165165424347,-26.49686622619629,-0.46245755710760983,-91.00396728515625,-1.588318861503182,85.53006744384766,1.492781286347952,79.5823974609375,1.3889748623241347,93.93824005126953,1.6395315824234602,0.5699165165424347,0.005699165165424347,False,False,0.0,0.0,0.0,0.0,0.0,0.0,0.0,0.0,0.0,0.0,0.0,0.0,0.0,0.0,0.0,0.0
5,502,19.091221169917844,19.10491634393111,False,-25.9780216217041,-0.45340201258659363,-90.4175796508789,-1.5780844688415527,87.25274658203125,1.5228476524353027,80.3956069946289,1.4031680822372437,94.06593322753906,1.641760230064392,0.6868131868131868,0.006868131868131868,-0.4549770951271057,-1.6167765855789185,1.5062791109085083,1.3905740976333618,1.6346635818481445,0.005795694887638092,-26.068265914916992,-0.4549770705007135,-92.63446807861328,-1.6167764688053872,86.30342864990234,1.5062789857008005,79.67401885986328,1.3905739574006728,93.65931701660156,1.6346634571088499,0.5795694887638092,0.005795694887638092,False,False,0.0,0.0,0.0,0.0,0.0,0.0,0.0,0.0,0.0,0.0,0.0,0.0,0.0,0.0,0.0,0.0
5,503,19.12467900197953,19.137437748955563,False,-25.80219841003418,-0.4503333270549774,-90.94505310058594,-1.587290644645691,87.25274658203125,1.5228476524353027,80.3956069946289,1.4031680822372437,94.06593322753906,1.641760230064392,0.6868131868131868,0.006868131868131868,-0.4527667760848999,-1.602028727531433,1.5043588876724243,1.3904386758804321,1.6312984228134155,0.007332861423492432,-25.94162368774414,-0.45276674666448863,-91.78948211669922,-1.6020286816368554,86.19341278076172,1.5043588465548534,79.666259765625,1.3904385356592424,93.46650695800781,1.6312982867554258,0.7332861423492432,0.007332861423492432,False,False,0.0,0.0,0.0,0.0,0.0,0.0,0.0,0.0,0.0,0.0,0.0,0.0,0.0,0.0,0.0,0.0
5,504,19.15823855693452,19.168844153988175,False,-25.89011001586914,-0.4518676698207855,-91.29669952392578,-1.5934280157089233,87.25274658203125,1.5228476524353027,80.3956069946289,1.4031680822372437,94.06593322753906,1.641760230064392,0.6868131868131868,0.006868131868131868,-0.4515751600265503,-1.5935852527618408,1.504233717918396,1.3856014013290405,1.6347473859786987,0.006167866289615631,-25.873350143432617,-0.4515751485242463,-91.30570220947266,-1.5935851294007592,86.18624114990234,1.5042336779836196,79.38910675048828,1.385601303013277,93.66412353515625,1.6347473466831874,0.6167866289615631,0.006167866289615631,False,False,0.0,0.0,0.0,0.0,0.0,0.0,0.0,0.0,0.0,0.0,0.0,0.0,0.0,0.0,0.0,0.0
5,505,19.191323034930974,19.202875892980956,False,-26.329669952392578,-0.45953941345214844,-91.82417297363281,-1.6026341915130615,87.25274658203125,1.5228476524353027,80.3956069946289,1.4031680822372437,94.06593322753906,1.641760230064392,0.6868131868131868,0.006868131868131868,-0.4536750912666321,-1.6180307865142822,1.5114631652832031,1.3883893489837646,1.638670563697815,0.006317503750324249,-25.99366569519043,-0.45367505104377376,-92.70632934570312,-1.61803068452076,86.60045623779297,1.5114630950787487,79.54884338378906,1.3883892332004264,93.88890075683594,1.638670449284983,0.6317503750324249,0.006317503750324249,False,False,0.0,0.0,0.0,0.0,0.0,0.0,0.0,0.0,0.0,0.0,0.0,0.0,0.0,0.0,0.0,0.0
5,506,19.224879451910965,19.236644587945193,False,-26.329669952392578,-0.45953941345214844,-92.0,-1.6057028770446777,87.34066009521484,1.5243821144104004,80.3956069946289,1.4031680822372437,94.4175796508789,1.6478976011276245,0.6868131868131868,0.006868131868131868,-0.45049864053726196,-1.5523494482040405,1.4350204467773438,1.3895833492279053,1.6431747674942017,0.005806960165500641,-25.811670303344727,-0.450498632232609,-88.94306945800781,-1.5523494088722447,83.34066009521484,1.45456891944695,79.61725616455078,1.3895832614751633,94.14697265625,1.643174653636634,0.5806960165500641,0.005806960165500641,False,False,0.0,0.0,0.0,0.0,0.0,0.0,0.0,0.0,1.1200485229492188,1.1200485229492188,0.0,0.0,0.0,0.0,0.0,0.0
5,507,19.25863031600602,19.27067661099136,False,-25.9780216217041,-0.45340201258659363,-92.0879135131836,-1.6072373390197754,87.34066009521484,1.5243821144104004,80.3956069946289,1.4031680822372437,94.06593322753906,1.641760230064392,0.6868131868131868,0.006868131868131868,-0.4511433243751526,-1.4929721355438232,1.3401989936828613,1.4115922451019287,1.6428983211517334,0.005402900278568268,-25.84860610961914,-0.4511432836639763,-88.0879135131836,-1.5374241220170592,83.34066009521484,1.45456891944695,80.8782730102539,1.4115921573557961,94.13113403320312,1.6428982175154838,0.5402900278568268,0.005402900278568268,False,False,0.0,0.0,0.0,0.0,0.0,2.5469131469726562,2.5469131469726562,0.0,6.55291748046875,6.55291748046875,0.0,0.0,0.0,0.0,0.0,0.0
5,508,19.291854078997858,19.30487373098731,False,-25.714284896850586,-0.44879892468452454,-92.0,-1.6057028770446777,87.34066009521484,1.5243821144104004,80.3956069946289,1.4031680822372437,94.06593322753906,1.641760230064392,0.6868131868131868,0.006868131868131868,-0.4775163531303406,-1.3370426893234253,1.2769291400909424,1.4033564329147339,1.6414870023727417,0.004415072500705719,-27.359670639038086,-0.4775163349124356,-88.0,-1.53588974175501,83.34066009521484,1.45456891944695,80.4063949584961,1.4033563316847262,94.0502700805664,1.6414868752957963,0.4415072500705719,0.004415072500705719,False,False,0.0,0.0,0.0,0.0,0.0,11.393104553222656,11.393104553222656,0.0,10.178016662597656,10.178016662597656,0.0,0.0,0.0,0.0,0.0,0.0
5,509,19.325626404955983,19.33983582991641,False,-25.714284896850586,-0.44879892468452454,-91.73626708984375,-1.6010998487472534,86.989013671875,1.518244743347168,80.48351287841797,1.4047023057937622,94.06593322753906,1.641760230064392,0.6868131868131868,0.006868131868131868,-0.4914584755897522,-1.2073745727539062,1.196972370147705,1.4039576053619385,1.6323208808898926,0.005302503705024719,-28.15849494934082,-0.4914584492721912,-87.73626708984375,-1.531286734126917,82.989013671875,1.448431531556808,80.44084167480469,1.4039575403008115,93.52509307861328,1.6323208074559616,0.5302503705024719,0.005302503705024719,False,False,0.0,0.0,0.0,0.0,0.0,18.558807373046875,18.558807373046875,0.0,14.407554626464844,14.407554626464844,0.0,0.0,0.0,0.0,0.0,0.0
5,510,19.358964897925034,19.52216298796702,False,-25.9780216217041,-0.45340201258659363,-90.4175796508789,-1.5780844688415527,86.63735961914062,1.5121071338653564,80.57142639160156,1.4062366485595703,94.06593322753906,1.641760230064392,0.6868131868131868,0.006868131868131868,-0.44739532470703125,-1.635647177696228,1.5282294750213623,1.3985673189163208,1.6470047235488892,0.0038787424564361572,-25.633861541748047,-0.4473952839038533,-93.7156753540039,-1.6356470956574707,87.56109619140625,1.528229425195506,80.13200378417969,1.398567302254491,94.36641693115234,1.6470046787583315,0.3878742456436157,0.0038787424564361572,False,False,0.0,0.0,0.0,0.0,0.0,0.0,0.0,0.0,0.0,0.0,0.0,0.0,0.0,0.0,0.0,0.0
5,511,19.52348663297016,19.53601252892986,False,-27.648351669311523,-0.48255476355552673,-88.57142639160156,-1.5458630323410034,86.46154022216797,1.5090385675430298,80.57142639160156,1.4062366485595703,93.89010620117188,1.6386914253234863,0.6868131868131868,0.006868131868131868,-0.4539341926574707,-1.6135677099227905,1.5073602199554443,1.398270606994629,1.6186600923538208,0.0018770769238471985,-26.008512496948242,-0.45393417661783847,-92.45061492919922,-1.6135676260079508,86.36537170410156,1.5073600959453182,80.11499786376953,1.398270492951002,92.74238586425781,1.6186599894863456,0.18770769238471985,0.0018770769238471985,False,False,0.0,0.0,0.0,0.0,0.0,0.0,0.0,0.0,0.0,0.0,0.0,0.0,0.0,0.0,0.0,0.0
5,512,19.557231335900724,19.568991002975963,False,-28.175825119018555,-0.49176090955734253,-88.04395294189453,-1.5366568565368652,86.46154022216797,1.5090385675430298,80.57142639160156,1.4062366485595703,93.89010620117188,1.6386914253234863,0.6868131868131868,0.006868131868131868,-0.44873911142349243,-1.6178985834121704,1.5097715854644775,1.4017775058746338,1.6312129497528076,0.0014877691864967346,-25.71085548400879,-0.44873908170039367,-92.04395294189453,-1.6064700353867805,86.50353240966797,1.5097714551543304,80.31593322753906,1.4017774766324727,93.46160888671875,1.6312127992844343,0.14877691864967346,0.0014877691864967346,False,False,0.0,0.0,0.0,0.0,0.0,0.6548004150390625,0.6548004150390625,0.0,0.0,0.0,0.0,0.0,0.0,0.0,0.0,0.0
5,513,19.591477407957427,19.602175861946307,False,-27.384614944458008,-0.47795170545578003,-88.48351287841797,-1.5443285703659058,86.54945373535156,1.510572910308838,80.57142639160156,1.4062366485595703,94.32967376708984,1.646363377571106,0.6868131868131868,0.006868131868131868,-0.4426562190055847,-1.6290357112884521,1.516656517982483,1.400432825088501,1.6323821544647217,0.0017165616154670715,-25.36233139038086,-0.44265618874405727,-92.48351287841797,-1.6141418035389719,86.89801025390625,1.5166563923624576,80.23888397216797,1.4004327134400372,93.52860260009766,1.6323820601610335,0.17165616154670715,0.0017165616154670715,False,False,0.0,0.0,0.0,0.0,0.0,0.8533554077148438,0.8533554077148438,0.0,0.0,0.0,0.0,0.0,0.0,0.0,0.0,0.0
5,514,19.62471605592873,19.63637486891821,False,-26.065933227539062,-0.45493635535240173,-90.32967376708984,-1.5765502452850342,87.16483306884766,1.5213133096694946,80.57142639160156,1.4062366485595703,93.45054626464844,1.6310197114944458,0.6868131868131868,0.006868131868131868,-0.44404178857803345,-1.6092864274978638,1.4994170665740967,1.403817057609558,1.6394098997116089,0.0003068670630455017,-25.44171905517578,-0.44404176488019825,-92.20531463623047,-1.6092863282395393,85.91026306152344,1.4994169516780478,80.43278503417969,1.4038169253952555,93.93126678466797,1.6394098759616436,0.03068670630455017,0.0003068670630455017,False,False,0.0,0.0,0.0,0.0,0.0,0.0,0.0,0.0,0.0,0.0,0.0,0.0,0.0,0.0,0.0,0.0
5,515,19.658238745993003,19.66841148689855,False,-25.9780216217041,-0.45340201258659363,-91.73626708984375,-1.6010998487472534,87.42857360839844,1.5259164571762085,80.57142639160156,1.4062366485595703,93.45054626464844,1.6310197114944458,0.6868131868131868,0.006868131868131868,-0.4257315397262573,-1.606589674949646,1.4941074848175049,1.4022952318191528,1.6314982175827026,0.002762511372566223,-24.39261817932129,-0.4257315004109811,-92.0508041381836,-1.606589611319725,85.60604858398438,1.494107407412757,80.34559631347656,1.4022951951483842,93.47795867919922,1.6314981569952363,0.2762511372566223,0.002762511372566223,False,False,0.0,0.0,0.0,0.0,0.0,0.0,0.0,0.0,0.0,0.0,0.0,0.0,0.0,0.0,0.0,0.0
5,516,19.69138282199856,19.7016354809748,False,-26.505495071411133,-0.4626081585884094,-91.64835357666016,-1.5995655059814453,87.42857360839844,1.5259164571762085,80.57142639160156,1.4062366485595703,93.62637329101562,1.6340885162353516,0.6868131868131868,0.006868131868131868,-0.4365590810775757,-1.6485546827316284,1.5287530422210693,1.3950457572937012,1.6321319341659546,0.0037578046321868896,-25.012990951538086,-0.436559047875889,-94.4552230834961,-1.6485546385127576,87.59109497070312,1.5287530026658156,79.93022918701172,1.395045671187025,93.51426696777344,1.6321318561766205,0.37578046321868896,0.0037578046321868896,False,False,0.0,0.0,0.0,0.0,0.0,0.0,0.0,0.0,0.0,0.0,0.0,0.0,0.0,0.0,0.0,0.0
5,517,19.72487088199705,19.7357821369078,False,-25.80219841003418,-0.4503333270549774,-91.64835357666016,-1.5995655059814453,87.42857360839844,1.5259164571762085,80.57142639160156,1.4062366485595703,93.97801971435547,1.640225887298584,0.6868131868131868,0.006868131868131868,-0.43766480684280396,-1.6368963718414307,1.519907832145691,1.3962904214859009,1.6351041793823242,0.0012996718287467957,-25.076345443725586,-0.4376647923604899,-93.78724670410156,-1.6368962513667722,87.08429718017578,1.519907712579281,80.00154113769531,1.3962902995224735,93.68456268310547,1.6351040771112035,0.12996718287467957,0.0012996718287467957,False,False,0.0,0.0,0.0,0.0,0.0,0.0,0.0,0.0,0.0,0.0,0.0,0.0,0.0,0.0,0.0,0.0
5,518,19.758175835944712,19.769491843995638,False,-24.923076629638672,-0.4349897503852844,-91.38461303710938,-1.5949623584747314,87.51648712158203,1.5274507999420166,80.57142639160156,1.4062366485595703,93.45054626464844,1.6310197114944458,0.6868131868131868,0.006868131868131868,-0.4293134808540344,-1.6106679439544678,1.5000075101852417,1.390824556350708,1.6309354305267334,-0.0002490878105163574,-24.597848892211914,-0.42931345207713767,-92.28446960449219,-1.6106678430550179,85.944091796875,1.5000073744917184,79.68836975097656,1.3908244277011947,93.44570922851562,1.6309352978988478,0.0,0.0,True,False,0.024908781051635742,0.0,0.0,0.0,0.0,0.0,0.0,0.0,0.0,0.0,0.0,0.0,0.0,0.0,0.0,0.0
5,519,19.79171751497779,19.80253029393498,False,-25.714284896850586,-0.44879892468452454,-92.70330047607422,-1.6179778575897217,87.95604705810547,1.5351226329803467,80.57142639160156,1.4062366485595703,93.53845977783203,1.632554054260254,0.6868131868131868,0.006868131868131868,-0.4430725574493408,-1.5974719524383545,1.4763295650482178,1.3978222608566284,1.6280032396316528,-0.0003551393747329712,-25.386186599731445,-0.44307254069097757,-91.52839660644531,-1.5974718798536753,84.58744812011719,1.4763294755559329,80.08930969238281,1.3978221497814871,93.2777099609375,1.6280031575386706,0.0,0.0,True,False,0.03551393747329712,0.0,0.0,0.0,0.0,0.0,0.0,0.0,0.0,0.0,0.0,0.0,0.0,0.0,0.0,0.0
5,520,19.82502619398292,19.83535097190179,False,-25.538461685180664,-0.4457302391529083,-93.14286041259766,-1.6256495714187622,87.95604705810547,1.5351226329803467,80.57142639160156,1.4062366485595703,93.97801971435547,1.640225887298584,0.6868131868131868,0.006868131868131868,-0.4421890377998352,-1.598065972328186,1.4688050746917725,1.3984758853912354,1.6266911029815674,0.0009477213025093079,-25.33556365966797,-0.44218900370983016,-91.56243133544922,-1.5980658979348175,84.15632629394531,1.468804980212023,80.12676239013672,1.398475822671047,93.20252990722656,1.6266910180695886,0.09477213025093079,0.0009477213025093079,False,False,0.0,0.0,0.0,0.0,0.0,0.0,0.0,0.0,0.0,0.0,0.0,0.0,0.0,0.0,0.0,0.0
5,521,19.85876857896801,19.868779929936863,False,-24.83516502380371,-0.4334554076194763,-92.70330047607422,-1.6179778575897217,87.78022003173828,1.532053828239441,80.57142639160156,1.4062366485595703,93.36264038085938,1.6294854879379272,0.6868131868131868,0.006868131868131868,-0.4331698417663574,-1.6389038562774658,1.484340786933899,1.3972254991531372,1.6273036003112793,0.0005915313959121704,-24.818801879882812,-0.4331698092041133,-93.90226745605469,-1.638903742196474,85.04645538330078,1.4843406635890548,80.05512237548828,1.3972254685392547,93.23762512207031,1.6273035451203068,0.05915313959121704,0.0005915313959121704,False,False,0.0,0.0,0.0,0.0,0.0,0.0,0.0,0.0,0.0,0.0,0.0,0.0,0.0,0.0,0.0,0.0
5,522,19.892094843904488,19.903692475985736,False,-25.450550079345703,-0.4441958963871002,-91.73626708984375,-1.6010998487472534,87.51648712158203,1.5274507999420166,80.57142639160156,1.4062366485595703,93.36264038085938,1.6294854879379272,0.6868131868131868,0.006868131868131868,-0.4349450469017029,-1.6161342859268188,1.495883584022522,1.3975318670272827,1.628739595413208,0.0025999099016189575,-24.920515060424805,-0.43494503909724647,-92.59767150878906,-1.6161342475085145,85.70780944824219,1.4958834695437306,80.07266998291016,1.397531732064614,93.31990051269531,1.6287395215800775,0.25999099016189575,0.0025999099016189575,False,False,0.0,0.0,0.0,0.0,0.0,0.0,0.0,0.0,0.0,0.0,0.0,0.0,0.0,0.0,0.0,0.0
5,523,19.926100159995258,19.936424149898812,False,-25.450550079345703,-0.4441958963871002,-92.0879135131836,-1.6072373390197754,87.51648712158203,1.5274507999420166,80.57142639160156,1.4062366485595703,93.89010620117188,1.6386914253234863,0.6868131868131868,0.006868131868131868,-0.44891655445098877,-1.5339336395263672,1.422560214996338,1.402901530265808,1.6293057203292847,0.0010324865579605103,-25.72102165222168,-0.4489165148080202,-88.0879135131836,-1.5374241220170592,83.51648712158203,1.4576376799710482,80.38033294677734,1.4029014637705406,93.35233306884766,1.629305576469774,0.10324865579605103,0.0010324865579605103,False,False,0.0,0.0,0.0,0.0,0.0,0.1999969482421875,0.1999969482421875,0.0,2.009796142578125,2.009796142578125,0.0,0.0,0.0,0.0,0.0,0.0
5,524,19.95974933891557,19.970377150923014,False,-24.659339904785156,-0.43038666248321533,-93.14286041259766,-1.6256495714187622,87.51648712158203,1.5274507999420166,80.57142639160156,1.4062366485595703,93.36264038085938,1.6294854879379272,0.6868131868131868,0.006868131868131868,-0.4297718405723572,-1.549228310585022,1.4248207807540894,1.4004703760147095,1.6265476942062378,0.0022250115871429443,-24.62411117553711,-0.42977181539025394,-89.14286041259766,-1.55583641884554,83.51648712158203,1.4576376799710482,80.24103546142578,1.4004702640114073,93.1943130493164,1.6265476068448879,0.22250115871429443,0.0022250115871429443,False,False,0.0,0.0,0.0,0.0,0.0,0.37862396240234375,0.37862396240234375,0.0,1.8802719116210938,1.8802719116210938,0.0,0.0,0.0,0.0,0.0,0.0
5,525,19.993168846936896,20.003286910941824,False,-25.098901748657227,-0.438058465719223,-93.4065933227539,-1.6302525997161865,87.51648712158203,1.5274507999420166,80.57142639160156,1.4062366485595703,93.36264038085938,1.6294854879379272,0.6868131868131868,0.006868131868131868,-0.4297034740447998,-1.587235927581787,1.4679152965545654,1.4008666276931763,1.6275074481964111,0.0021076500415802,-24.620193481445312,-0.42970343872926614,-90.9419174194336,-1.5872358870459011,84.1053466796875,1.4679152180918276,80.26374053955078,1.4008665423816111,93.24930572509766,1.6275074101017524,0.21076500415802002,0.0021076500415802,False,False,0.0,0.0,0.0,0.0,0.0,0.0,0.0,0.0,0.0,0.0,0.0,0.0,0.0,0.0,0.0,0.0
5,526,20.02640828699805,20.03720751090441,False,-25.714284896850586,-0.44879892468452454,-91.82417297363281,-1.6026341915130615,87.25274658203125,1.5228476524353027,80.57142639160156,1.4062366485595703,93.89010620117188,1.6386914253234863,0.6868131868131868,0.006868131868131868,-0.42375367879867554,-1.6000109910964966,1.4780584573745728,1.399971604347229,1.6195368766784668,0.002456352114677429,-24.279296875,-0.4237536705379201,-91.67387390136719,-1.600010937636957,84.68650817871094,1.4780583997356123,80.21246337890625,1.39997158709729,92.7926254272461,1.6195368352752544,0.24563521146774292,0.002456352114677429,False,False,0.0,0.0,0.0,0.0,0.0,0.0,0.0,0.0,0.0,0.0,0.0,0.0,0.0,0.0,0.0,0.0
5,527,20.060190533986315,20.07174739195034,False,-24.83516502380371,-0.4334554076194763,-90.32967376708984,-1.5765502452850342,87.16483306884766,1.5213133096694946,80.57142639160156,1.4062366485595703,93.62637329101562,1.6340885162353516,0.6868131868131868,0.006868131868131868,-0.42986345291137695,-1.6237818002700806,1.4947359561920166,1.3962018489837646,1.6213538646697998,0.002596653997898102,-24.62936019897461,-0.42986342813175266,-93.03583526611328,-1.6237816477367315,85.64205932617188,1.4947359134300156,79.99646759033203,1.3962017494162282,92.896728515625,1.6213537769289608,0.2596653997898102,0.002596653997898102,False,False,0.0,0.0,0.0,0.0,0.0,0.0,0.0,0.0,0.0,0.0,0.0,0.0,0.0,0.0,0.0,0.0
5,528,20.093599168001674,20.10496632801369,False,-24.395605087280273,-0.425783634185791,-90.5054931640625,-1.5796188116073608,87.16483306884766,1.5213133096694946,80.57142639160156,1.4062366485595703,93.36264038085938,1.6294854879379272,0.6868131868131868,0.006868131868131868,-0.4333169460296631,-1.6233876943588257,1.489734172821045,1.3991543054580688,1.633597493171692,0.003253646194934845,-24.82723045349121,-0.43331691556482654,-93.01325988769531,-1.6233876330534545,85.35547637939453,1.4897340974286832,80.16563415527344,1.3991542629587446,93.59823608398438,1.6335973937244912,0.3253646194934845,0.003253646194934845,False,False,0.0,0.0,0.0,0.0,0.0,0.0,0.0,0.0,0.0,0.0,0.0,0.0,0.0,0.0,0.0,0.0
5,529,20.127407708903775,20.138978455914184,False,-25.098901748657227,-0.438058465719223,-91.64835357666016,-1.5995655059814453,87.16483306884766,1.5213133096694946,80.57142639160156,1.4062366485595703,93.62637329101562,1.6340885162353516,0.6868131868131868,0.006868131868131868,-0.43008822202682495,-1.6304641962051392,1.4948121309280396,1.3970084190368652,1.6244499683380127,0.0032960623502731323,-24.64223861694336,-0.43008819892775535,-93.41870880126953,-1.6304640515439583,85.64642333984375,1.4948120798371918,80.04267883300781,1.3970082877523589,93.0741195678711,1.6244498348542324,0.32960623502731323,0.0032960623502731323,False,False,0.0,0.0,0.0,0.0,0.0,0.0,0.0,0.0,0.0,0.0,0.0,0.0,0.0,0.0,0.0,0.0
5,530,20.16088892694097,20.172573047922924,False,-25.098901748657227,-0.438058465719223,-92.70330047607422,-1.6179778575897217,87.16483306884766,1.5213133096694946,80.57142639160156,1.4062366485595703,93.80220031738281,1.6371572017669678,0.6868131868131868,0.006868131868131868,-0.4259072542190552,-1.6350151300430298,1.4914172887802124,1.3930481672286987,1.618700385093689,0.003679834306240082,-24.402687072753906,-0.4259072357534127,-93.67945861816406,-1.6350149943727403,85.45191192626953,1.4914172152376133,79.8157730102539,1.3930480340533564,92.74469757080078,1.6187003363768604,0.3679834306240082,0.003679834306240082,False,False,0.0,0.0,0.0,0.0,0.0,0.0,0.0,0.0,0.0,0.0,0.0,0.0,0.0,0.0,0.0,0.0
5,531,20.19450588792097,20.204744963906705,False,-24.659339904785156,-0.43038666248321533,-92.70330047607422,-1.6179778575897217,87.16483306884766,1.5213133096694946,80.57142639160156,1.4062366485595703,93.36264038085938,1.6294854879379272,0.6868131868131868,0.006868131868131868,-0.4288617968559265,-1.647134780883789,1.5011839866638184,1.3959355354309082,1.6274125576019287,0.0023705586791038513,-24.571969985961914,-0.42886177995626024,-94.37386322021484,-1.6471346410195273,86.01150512695312,1.5011839590613154,79.98120880126953,1.3959354333072205,93.24386596679688,1.627412468408891,0.23705586791038513,0.0023705586791038513,False,False,0.0,0.0,0.0,0.0,0.0,0.0,0.0,0.0,0.0,0.0,0.0,0.0,0.0,0.0,0.0,0.0
5,532,20.22803188895341,20.23859243898187,False,-24.483516693115234,-0.4273179769515991,-92.35164642333984,-1.6118402481079102,87.16483306884766,1.5213133096694946,80.57142639160156,1.4062366485595703,93.36264038085938,1.6294854879379272,0.6868131868131868,0.006868131868131868,-0.43191277980804443,-1.637297511100769,1.5052417516708374,1.3935402631759644,1.6157004833221436,0.0025702938437461853,-24.74677848815918,-0.43191276388008226,-93.81023406982422,-1.6372974565849927,86.2439956665039,1.5052416844562146,79.8439712524414,1.3935401862228032,92.57281494140625,1.6157004185669406,0.25702938437461853,0.0025702938437461853,False,False,0.0,0.0,0.0,0.0,0.0,0.0,0.0,0.0,0.0,0.0,0.0,0.0,0.0,0.0,0.0,0.0
5,533,20.26145575090777,20.272170851938426,False,-24.83516502380371,-0.4334554076194763,-93.05494689941406,-1.624115228652954,87.16483306884766,1.5213133096694946,80.57142639160156,1.4062366485595703,93.36264038085938,1.6294854879379272,0.6868131868131868,0.006868131868131868,-0.4335535168647766,-1.6179156303405762,1.478375792503357,1.3968981504440308,1.6126362085342407,0.003172755241394043,-24.84078598022461,-0.43355350413816646,-92.6997299194336,-1.617915502803614,84.7046890258789,1.4783757153794952,80.03636169433594,1.3968980328832294,92.39724731445312,1.6126361854166955,0.3172755241394043,0.003172755241394043,False,False,0.0,0.0,0.0,0.0,0.0,0.0,0.0,0.0,0.0,0.0,0.0,0.0,0.0,0.0,0.0,0.0
5,534,20.29484504798893,20.30524491192773,False,-25.098901748657227,-0.438058465719223,-93.5824203491211,-1.6333212852478027,87.16483306884766,1.5213133096694946,80.57142639160156,1.4062366485595703,93.36264038085938,1.6294854879379272,0.6868131868131868,0.006868131868131868,-0.439100444316864,-1.6114710569381714,1.466652274131775,1.3997597694396973,1.6272999048233032,0.002722039818763733,-25.158601760864258,-0.4391004359251244,-92.33048248291016,-1.6114709192817314,84.0329818725586,1.4666522139448575,80.20032501220703,1.3997597326325741,93.23741149902344,1.6272998166947807,0.2722039818763733,0.002722039818763733,False,False,0.0,0.0,0.0,0.0,0.0,0.0,0.0,0.0,0.0,0.0,0.0,0.0,0.0,0.0,0.0,0.0
5,535,20.328332443954423,20.338604967924766,False,-25.010988235473633,-0.43652409315109253,-93.5824203491211,-1.6333212852478027,87.16483306884766,1.5213133096694946,80.57142639160156,1.4062366485595703,93.36264038085938,1.6294854879379272,0.6868131868131868,0.006868131868131868,-0.4336722493171692,-1.6168303489685059,1.4426648616790771,1.4052023887634277,1.6264729499816895,0.0026248395442962646,-24.84758758544922,-0.43367221454375676,-92.6375503540039,-1.6168302646594068,83.16483306884766,1.4515001589228516,80.51216125488281,1.4052023017943145,93.19003295898438,1.6264729051763112,0.26248395442962646,0.0026248395442962646,False,False,0.0,0.0,0.0,0.0,0.0,0.0,0.0,0.0,0.5062332153320312,0.5062332153320312,0.0,0.0,0.0,0.0,0.0,0.0
5,536,20.361597735900432,20.37467896891758,False,-24.83516502380371,-0.4334554076194763,-93.05494689941406,-1.624115228652954,87.16483306884766,1.5213133096694946,80.57142639160156,1.4062366485595703,93.36264038085938,1.6294854879379272,0.6868131868131868,0.006868131868131868,-0.4310538172721863,-1.5962107181549072,1.4432319402694702,1.4023628234863281,1.6181453466415405,0.003592945635318756,-24.69756317138672,-0.4310537945599908,-91.45613098144531,-1.5962106067614137,83.16483306884766,1.4515001589228516,80.3494644165039,1.4023627062820176,92.712890625,1.6181452004476333,0.3592945635318756,0.003592945635318756,False,False,0.0,0.0,0.0,0.0,0.0,0.0,0.0,0.0,0.4737396240234375,0.4737396240234375,0.0,0.0,0.0,0.0,0.0,0.0
5,537,20.39493763097562,20.406713262898847,False,-24.659339904785156,-0.43038666248321533,-92.70330047607422,-1.6179778575897217,87.16483306884766,1.5213133096694946,80.57142639160156,1.4062366485595703,93.36264038085938,1.6294854879379272,0.6868131868131868,0.006868131868131868,-0.44604063034057617,-1.574100375175476,1.418371558189392,1.407940149307251,1.6271817684173584,0.002263791859149933,-25.556243896484375,-0.44604060043635724,-90.18930053710938,-1.5741002444432488,83.16483306884766,1.4515001589228516,80.66902160644531,1.407940031394916,93.23064422607422,1.6271817055004358,0.2263791859149933,0.002263791859149933,False,False,0.0,0.0,0.0,0.0,0.0,0.0,0.0,0.0,1.89813232421875,1.89813232421875,0.0,0.0,0.0,0.0,0.0,0.0
5,538,20.428585526999086,20.438910782919265,False,-24.659339904785156,-0.43038666248321533,-92.52747344970703,-1.614909052848816,86.989013671875,1.518244743347168,80.57142639160156,1.4062366485595703,93.36264038085938,1.6294854879379272,0.6868131868131868,0.006868131868131868,-0.44775843620300293,-1.4906327724456787,1.3639235496520996,1.4099565744400024,1.623010277748108,0.002515166997909546,-25.654666900634766,-0.4477584059184856,-88.52747344970703,-1.5450958901692504,82.989013671875,1.448431531556808,80.78455352783203,1.4099564438142695,92.99163055419922,1.6230101299689357,0.2515166997909546,0.002515166997909546,False,False,0.0,0.0,0.0,0.0,0.0,3.120513916015625,3.120513916015625,0.0,4.841957092285156,4.841957092285156,0.0,0.0,0.0,0.0,0.0,0.0
5,539,20.461854285909794,20.472750401939265,False,-24.74725341796875,-0.4319210350513458,-92.17582702636719,-1.6087716817855835,86.989013671875,1.518244743347168,80.57142639160156,1.4062366485595703,93.36264038085938,1.6294854879379272,0.6868131868131868,0.006868131868131868,-0.4555165767669678,-1.4841084480285645,1.3576287031173706,1.3993885517120361,1.6202765703201294,0.003082461655139923,-26.09917640686035,-0.4555165603585363,-88.17582702636719,-1.5389585022791084,82.989013671875,1.448431531556808,80.1790542602539,1.3993884879766172,92.83500671386719,1.6202765282680238,0.3082461655139923,0.003082461655139923,False,False,0.0,0.0,0.0,0.0,0.0,3.1426849365234375,3.1426849365234375,0.0,5.2026214599609375,5.2026214599609375,0.0,0.0,0.0,0.0,0.0,0.0
5,540,20.495978958904743,20.660211191978306,False,-25.450550079345703,-0.4441958963871002,-91.12088012695312,-1.5903593301773071,86.81318664550781,1.5151759386062622,80.57142639160156,1.4062366485595703,93.36264038085938,1.6294854879379272,0.6868131868131868,0.006868131868131868,-0.44095873832702637,-1.663089394569397,1.517288088798523,1.3988361358642578,1.622428059577942,0.0019764453172683716,-25.265073776245117,-0.44095872315475443,-95.12088012695312,-1.660172545610174,86.93419647216797,1.51728796101497,80.14739990234375,1.3988360152084802,92.9582748413086,1.6224279629546443,0.19764453172683716,0.0019764453172683716,False,False,0.0,0.0,0.0,0.0,0.0,0.1671142578125,0.1671142578125,0.0,0.0,0.0,0.0,0.0,0.0,0.0,0.0,0.0
5,541,20.66154476394877,20.67348359397147,False,-25.714284896850586,-0.44879892468452454,-89.36264038085938,-1.559672236442566,86.72527313232422,1.513641595840454,80.57142639160156,1.4062366485595703,93.45054626464844,1.6310197114944458,0.6868131868131868,0.006868131868131868,-0.42579156160354614,-1.680173397064209,1.5320426225662231,1.399914026260376,1.6298538446426392,0.0033225268125534058,-24.396059036254883,-0.4257915546935624,-93.36264038085938,-1.6294854730014088,87.77957153320312,1.5320425392442816,80.20915985107422,1.3999139296596899,93.38374328613281,1.6298537881801667,0.3322526812553406,0.0033225268125534058,False,False,0.0,0.0,0.0,0.0,0.0,2.9041976928710938,2.9041976928710938,0.0,0.0,0.0,0.0,0.0,0.0,0.0,0.0,0.0
5,542,20.695491697988473,20.70717806799803,False,-26.153846740722656,-0.4564707279205322,-89.27472686767578,-1.5581378936767578,86.72527313232422,1.513641595840454,80.57142639160156,1.4062366485595703,93.45054626464844,1.6310197114944458,0.6868131868131868,0.006868131868131868,-0.43466514348983765,-1.6645770072937012,1.5281851291656494,1.3998996019363403,1.631497859954834,0.0012336820363998413,-24.904476165771484,-0.43466510757716553,-93.27472686767578,-1.6279510927393597,87.55855560302734,1.5281850835633564,80.20833587646484,1.3998995485898034,93.47793579101562,1.6314977575210727,0.12336820363998413,0.0012336820363998413,False,False,0.0,0.0,0.0,0.0,0.0,2.0985031127929688,2.0985031127929688,0.0,0.0,0.0,0.0,0.0,0.0,0.0,0.0,0.0
5,543,20.72874117793981,20.740523783955723,False,-25.714284896850586,-0.44879892468452454,-89.27472686767578,-1.5581378936767578,86.9011001586914,1.5167102813720703,80.57142639160156,1.4062366485595703,93.80220031738281,1.6371572017669678,0.6868131868131868,0.006868131868131868,-0.42781269550323486,-1.6806414127349854,1.5278375148773193,1.3981032371520996,1.6233956813812256,0.0024873390793800354,-24.511859893798828,-0.4278126609343372,-93.27472686767578,-1.6279510927393597,87.53863525390625,1.5278374078830463,80.10540771484375,1.3981031132764903,93.01371765136719,1.6233956225367245,0.24873390793800354,0.0024873390793800354,False,False,0.0,0.0,0.0,0.0,0.0,3.0189285278320312,3.0189285278320312,0.0,0.0,0.0,0.0,0.0,0.0,0.0,0.0,0.0
5,544,20.76221706799697,20.772384295007214,False,-24.923076629638672,-0.4349897503852844,-90.94505310058594,-1.587290644645691,87.78022003173828,1.532053828239441,80.57142639160156,1.4062366485595703,93.36264038085938,1.6294854879379272,0.6868131868131868,0.006868131868131868,-0.4229523539543152,-1.6954309940338135,1.5399287939071655,1.3963316679000854,1.6253925561904907,0.002393163740634918,-24.233383178710938,-0.42295232536591526,-94.94505310058594,-1.6571037850860755,88.23141479492188,1.539928691864224,80.00390625,1.3963315785193697,93.12812805175781,1.625392460722066,0.23931637406349182,0.002393163740634918,False,False,0.0,0.0,0.0,0.0,0.0,2.19598388671875,2.19598388671875,0.0,0.0,0.0,0.0,0.0,0.0,0.0,0.0,0.0
5,545,20.79617232293822,20.809113983996212,False,-24.83516502380371,-0.4334554076194763,-92.35164642333984,-1.6118402481079102,88.21977996826172,1.539725661277771,80.57142639160156,1.4062366485595703,93.36264038085938,1.6294854879379272,0.6868131868131868,0.006868131868131868,-0.42224109172821045,-1.6624529361724854,1.5211788415908813,1.3966814279556274,1.6295554637908936,0.0017566680908203125,-24.192630767822266,-0.42224106161778235,-95.25153350830078,-1.6624528772935543,87.15711975097656,1.5211787062095212,80.0239486694336,1.3966813847285515,93.36664581298828,1.6295553809800234,0.17566680908203125,0.0017566680908203125,False,False,0.0,0.0,0.0,0.0,0.0,0.0,0.0,0.0,0.0,0.0,0.0,0.0,0.0,0.0,0.0,0.0
5,546,20.829773826990277,20.843162308912724,False,-25.186813354492188,-0.43959280848503113,-92.96703338623047,-1.6225807666778564,88.3956069946289,1.5427943468093872,80.57142639160156,1.4062366485595703,93.45054626464844,1.6310197114944458,0.6868131868131868,0.006868131868131868,-0.4211078882217407,-1.6459952592849731,1.520700216293335,1.39677894115448,1.6272602081298828,0.0029988959431648254,-24.127702713012695,-0.42110785328444006,-94.30857849121094,-1.645995207547137,87.12969970703125,1.5207001361616341,80.02953338623047,1.3967788564244485,93.23513793945312,1.6272601355945386,0.29988959431648254,0.0029988959431648254,False,False,0.0,0.0,0.0,0.0,0.0,0.0,0.0,0.0,0.0,0.0,0.0,0.0,0.0,0.0,0.0,0.0
5,547,20.86316178191919,20.87497630692087,False,-24.923076629638672,-0.4349897503852844,-93.75823974609375,-1.636389970779419,88.57142639160156,1.5458630323410034,80.57142639160156,1.4062366485595703,93.80220031738281,1.6371572017669678,0.6868131868131868,0.006868131868131868,-0.4327124357223511,-1.604973554611206,1.4786295890808105,1.397515058517456,1.6321799755096436,0.0011383295059204102,-24.79259490966797,-0.4327124112868922,-91.95820617675781,-1.6049734720122104,84.71923065185547,1.4786295146313797,80.07170867919922,1.3975149541497465,93.51702117919922,1.6321799262342964,0.11383295059204102,0.0011383295059204102,False,False,0.0,0.0,0.0,0.0,0.0,0.0,0.0,0.0,0.0,0.0,0.0,0.0,0.0,0.0,0.0,0.0
5,548,20.896641694940627,20.90785378590226,False,-24.21977996826172,-0.42271488904953003,-93.67032623291016,-1.6348556280136108,88.57142639160156,1.5458630323410034,80.57142639160156,1.4062366485595703,93.45054626464844,1.6310197114944458,0.6868131868131868,0.006868131868131868,-0.424737811088562,-1.6325268745422363,1.5042545795440674,1.396172285079956,1.6307281255722046,0.0017060190439224243,-24.335681915283203,-0.42473777513973165,-93.53689575195312,-1.6325268029662794,86.18743133544922,1.5042544506401223,79.9947738647461,1.3961721883281284,93.43383026123047,1.6307279708079854,0.17060190439224243,0.0017060190439224243,False,False,0.0,0.0,0.0,0.0,0.0,0.0,0.0,0.0,0.0,0.0,0.0,0.0,0.0,0.0,0.0,0.0
5,549,20.929930574959144,20.9415952549316,False,-24.30769157409668,-0.4242492616176605,-93.75823974609375,-1.636389970779419,88.48351287841797,1.5443285703659058,80.57142639160156,1.4062366485595703,93.36264038085938,1.6294854879379272,0.6868131868131868,0.006868131868131868,-0.4271327257156372,-1.5864381790161133,1.4412494897842407,1.4037004709243774,1.631851077079773,9.387731552124023e-07,-24.472900390625,-0.42713268932901266,-90.89620971679688,-1.586438137141368,84.48351287841797,1.4745154633794253,80.42610931396484,1.4037004120975645,93.49817657470703,1.6318510258396717,9.387731552124023e-05,9.387731552124023e-07,False,False,0.0,0.0,0.0,0.0,0.0,0.0,0.0,0.0,1.906005859375,1.906005859375,0.0,0.0,0.0,0.0,0.0,0.0
5,550,20.963886921992525,20.975623378995806,False,-24.923076629638672,-0.4349897503852844,-93.14286041259766,-1.6256495714187622,88.21977996826172,1.539725661277771,80.57142639160156,1.4062366485595703,93.45054626464844,1.6310197114944458,0.6868131868131868,0.006868131868131868,-0.43035566806793213,-1.5598045587539673,1.401538610458374,1.408119797706604,1.6326032876968384,0.00015979260206222534,-24.657562255859375,-0.43035564688022654,-89.3702163696289,-1.559804528869758,84.21977996826172,1.4699124557513326,80.67931365966797,1.4081196616104419,93.54127502441406,1.6326032356895646,0.015979260206222534,0.00015979260206222534,False,False,0.0,0.0,0.0,0.0,0.0,0.0,0.0,0.0,3.9175338745117188,3.9175338745117188,0.0,0.0,0.0,0.0,0.0,0.0
5,551,20.99728613300249,21.010077535989694,False,-24.83516502380371,-0.4334554076194763,-92.70330047607422,-1.6179778575897217,87.95604705810547,1.5351226329803467,80.57142639160156,1.4062366485595703,93.80220031738281,1.6371572017669678,0.6868131868131868,0.006868131868131868,-0.43137913942337036,-1.5907795429229736,1.432760238647461,1.4047852754592896,1.6322462558746338,0.0020679980516433716,-24.716201782226562,-0.431379099687144,-91.14495086669922,-1.5907794891923606,83.95604705810547,1.4653094481232396,80.48826599121094,1.4047852507676082,93.52081298828125,1.632246105787385,0.20679980516433716,0.0020679980516433716,False,False,0.0,0.0,0.0,0.0,0.0,0.0,0.0,0.0,1.8649368286132812,1.8649368286132812,0.0,0.0,0.0,0.0,0.0,0.0
5,552,21.030860131955706,21.0441553639248,False,-24.30769157409668,-0.4242492616176605,-91.73626708984375,-1.6010998487472534,87.78022003173828,1.532053828239441,80.57142639160156,1.4062366485595703,93.36264038085938,1.6294854879379272,0.6868131868131868,0.006868131868131868,-0.43743735551834106,-1.4812361001968384,1.3813380002975464,1.4078271389007568,1.6324419975280762,0.002195201814174652,-25.063312530517578,-0.4374373251138835,-87.73626708984375,-1.531286734126917,83.78022003173828,1.4622406875991412,80.66255187988281,1.4078271133646967,93.53202819824219,1.6324418481275058,0.2195201814174652,0.002195201814174652,False,False,0.0,0.0,0.0,0.0,0.0,2.8676910400390625,2.8676910400390625,0.0,4.635383605957031,4.635383605957031,0.0,0.0,0.0,0.0,0.0,0.0
5,553,21.064249005983584,21.0773725080071,False,-24.21977996826172,-0.42271488904953003,-90.76923370361328,-1.5842219591140747,87.78022003173828,1.532053828239441,80.57142639160156,1.4062366485595703,93.36264038085938,1.6294854879379272,0.6868131868131868,0.006868131868131868,-0.4363973140716553,-1.4503438472747803,1.3470327854156494,1.406022548675537,1.6259340047836304,0.0012564882636070251,-25.00372314453125,-0.4363972941291803,-86.76923370361328,-1.5144088175604853,83.78022003173828,1.4622406875991412,80.55915069580078,1.4060224222520046,93.15914916992188,1.625933881371679,0.12564882636070251,0.0012564882636070251,False,False,0.0,0.0,0.0,0.0,0.0,3.670654296875,3.670654296875,0.0,6.600929260253906,6.600929260253906,0.0,0.0,0.0,0.0,0.0,0.0
5,554,21.097664808970876,21.11079983296804,False,-24.571428298950195,-0.4288523197174072,-90.5054931640625,-1.5796188116073608,87.78022003173828,1.532053828239441,80.57142639160156,1.4062366485595703,93.36264038085938,1.6294854879379272,0.6868131868131868,0.006868131868131868,-0.43984025716781616,-1.3513981103897095,1.247287631034851,1.4153039455413818,1.6291427612304688,0.0012261345982551575,-25.20098876953125,-0.43984022878643475,-86.5054931640625,-1.509805676774338,83.78022003173828,1.4622406875991412,81.09093475341797,1.4153038049670397,93.34300231933594,1.6291427241691157,0.12261345982551575,0.0012261345982551575,False,False,0.0,0.0,0.0,0.0,0.0,9.076087951660156,9.076087951660156,0.0,12.315910339355469,12.315910339355469,0.0,0.0,0.0,0.0,0.0,0.0
5,555,21.130884812911972,21.141342449001968,False,-25.010988235473633,-0.43652409315109253,-90.85713958740234,-1.5857561826705933,87.78022003173828,1.532053828239441,80.57142639160156,1.4062366485595703,93.36264038085938,1.6294854879379272,0.6868131868131868,0.006868131868131868,-0.4412534832954407,-1.404217004776001,1.2574315071105957,1.4170935153961182,1.6226156949996948,0.001377396285533905,-25.28196144104004,-0.4412534685083989,-86.85713958740234,-1.51594306466448,83.78022003173828,1.4622406875991412,81.19347381591797,1.4170934492195728,92.96902465820312,1.6226155826534403,0.1377396285533905,0.001377396285533905,False,False,0.0,0.0,0.0,0.0,0.0,6.401435852050781,6.401435852050781,0.0,11.734703063964844,11.734703063964844,0.0,0.0,0.0,0.0,0.0,0.0
5,556,21.164301616954617,21.17686523392331,False,-25.186813354492188,-0.43959280848503113,-89.36264038085938,-1.559672236442566,87.69230651855469,1.5305194854736328,80.57142639160156,1.4062366485595703,93.36264038085938,1.6294854879379272,0.6868131868131868,0.006868131868131868,-0.43909013271331787,-1.312218427658081,1.167873740196228,1.4266369342803955,1.6307668685913086,0.0003733411431312561,-25.158010482788086,-0.4390901161759003,-85.36264038085938,-1.4898591328418624,83.69230651855469,1.460706307337092,81.74027252197266,1.4266368869858719,93.43605041503906,1.6307667198018458,0.03733411431312561,0.0003733411431312561,False,False,0.0,0.0,0.0,0.0,0.0,10.178070068359375,10.178070068359375,0.0,16.778076171875,16.778076171875,0.0,0.0,0.0,0.0,0.0,0.0
5,557,21.19778664491605,21.211034109001048,False,-25.27472496032715,-0.44112715125083923,-87.78022003173828,-1.532053828239441,87.69230651855469,1.5305194854736328,80.74725341796875,1.409305453300476,93.45054626464844,1.6310197114944458,0.6868131868131868,0.006868131868131868,-0.44367700815200806,-1.2424900531768799,1.1170488595962524,1.409623146057129,1.6223182678222656,0.0013403743505477905,-25.420818328857422,-0.4436769783898847,-83.78022003173828,-1.4622406875991412,83.69230651855469,1.460706307337092,80.76544952392578,1.4096230160457917,92.95198822021484,1.622318240717733,0.13403743505477905,0.0013403743505477905,False,False,0.0,0.0,0.0,0.0,0.0,12.590789794921875,12.590789794921875,0.0,19.69012451171875,19.69012451171875,0.0,0.0,0.0,0.0,0.0,0.0
5,558,21.231314800912514,21.244115548906848,False,-24.923076629638672,-0.4349897503852844,-87.07691955566406,-1.5197789669036865,87.51648712158203,1.5274507999420166,81.010986328125,1.4139084815979004,93.36264038085938,1.6294854879379272,0.6868131868131868,0.006868131868131868,-0.4464116096496582,-1.198614239692688,1.1057113409042358,1.409595012664795,1.6253039836883545,0.0012601539492607117,-25.577499389648438,-0.4464115787762053,-83.07691955566406,-1.4499657786608025,83.51648712158203,1.4576376799710482,80.76383972167969,1.4095949196962914,93.12305450439453,1.625303910615821,0.12601539492607117,0.0012601539492607117,False,False,0.0,0.0,0.0,0.0,0.0,14.401382446289062,14.401382446289062,0.0,20.163898468017578,20.163898468017578,0.0,0.0,0.0,0.0,0.0,0.0
5,559,21.264682800974697,21.279043899965473,False,-24.83516502380371,-0.4334554076194763,-86.81318664550781,-1.5151759386062622,87.51648712158203,1.5274507999420166,81.0988998413086,1.4154428243637085,93.36264038085938,1.6294854879379272,0.6868131868131868,0.006868131868131868,-0.45106208324432373,-1.1273529529571533,1.0525717735290527,1.4132992029190063,1.626166820526123,0.0011587366461753845,-25.843952178955078,-0.4510620572507289,-82.81318664550781,-1.4453627710327095,83.51648712158203,1.4576376799710482,80.97607421875,1.4132991104564825,93.17249298095703,1.6261667748090065,0.11587366461753845,0.0011587366461753845,False,False,0.0,0.0,0.0,0.0,0.0,18.220626831054688,18.220626831054688,0.0,23.208568572998047,23.208568572998047,0.0,0.0,0.0,0.0,0.0,0.0
5,560,21.29796922695823,21.30977911595255,False,-25.186813354492188,-0.43959280848503113,-85.4065933227539,-1.4906262159347534,87.34066009521484,1.5243821144104004,80.92308044433594,1.4123741388320923,93.71428680419922,1.6356228590011597,0.6868131868131868,0.006868131868131868,-0.4634040594100952,-1.0860437154769897,1.0365651845932007,1.4123228788375854,1.6224578619003296,0.0011929497122764587,-26.551095962524414,-0.463404044559024,-81.4065933227539,-1.4208130863140866,83.34066009521484,1.45456891944695,80.92013549804688,1.4123227956008595,92.9599838256836,1.6224577903588533,0.11929497122764587,0.0011929497122764587,False,False,0.0,0.0,0.0,0.0,0.0,19.18087387084961,19.18087387084961,0.0,23.949851989746094,23.949851989746094,0.0,0.0,0.0,0.0,0.0,0.0
5,561,21.331533116986975,21.34207458398305,False,-25.626373291015625,-0.44726458191871643,-84.52747344970703,-1.4752826690673828,87.34066009521484,1.5243821144104004,80.57142639160156,1.4062366485595703,93.89010620117188,1.6386914253234863,0.6868131868131868,0.006868131868131868,-0.4517210125923157,-1.2355135679244995,1.133365273475647,1.4128005504608154,1.6208646297454834,0.0018461868166923523,-25.88170623779297,-0.4517209898834417,-80.52747344970703,-1.405469550009704,83.34066009521484,1.45456891944695,80.94750213623047,1.4128004335423652,92.86869812011719,1.6208645542367133,0.18461868166923523,0.0018461868166923523,False,False,0.0,0.0,0.0,0.0,0.0,9.737762451171875,9.737762451171875,0.0,18.40361785888672,18.40361785888672,0.0,0.0,0.0,0.0,0.0,0.0
5,562,21.364893482998013,21.37616826593876,False,-25.89011001586914,-0.4518676698207855,-83.9120864868164,-1.4645421504974365,87.25274658203125,1.5228476524353027,80.48351287841797,1.4047023057937622,93.89010620117188,1.6386914253234863,0.6868131868131868,0.006868131868131868,-0.44329941272735596,-1.3439829349517822,1.229325294494629,1.4079617261886597,1.6180987358093262,0.004179693758487701,-25.39918327331543,-0.44329937543682507,-79.9120864868164,-1.3947290213334145,83.25274658203125,1.4530345391849007,80.67025756835938,1.4079616029997457,92.71022033691406,1.618098595128557,0.41796937584877014,0.004179693758487701,False,False,0.0,0.0,0.0,0.0,0.0,2.9075393676757812,2.9075393676757812,0.0,12.817596435546875,12.817596435546875,0.0,0.0,0.0,0.0,0.0,0.0
5,563,21.398526812903583,21.409480622969568,False,-26.065933227539062,-0.45493635535240173,-82.85713958740234,-1.4461299180984497,87.25274658203125,1.5228476524353027,80.3956069946289,1.4031680822372437,93.89010620117188,1.6386914253234863,0.6868131868131868,0.006868131868131868,-0.4325026273727417,-1.5101834535598755,1.3716708421707153,1.403854489326477,1.613320231437683,0.0033689960837364197,-24.78057289123535,-0.4325025874825076,-86.52713012695312,-1.510183313016911,83.25274658203125,1.4530345391849007,80.4349365234375,1.4038544759666256,92.43643188476562,1.6133200851846279,0.33689960837364197,0.0033689960837364197,False,False,0.0,0.0,0.0,0.0,0.0,0.0,0.0,0.0,4.66180419921875,4.66180419921875,0.0,0.0,0.0,0.0,0.0,0.0
5,564,21.43184539792128,21.4440953459125,False,-26.065933227539062,-0.45493635535240173,-81.97801971435547,-1.430786371231079,86.9011001586914,1.5167102813720703,80.3956069946289,1.4031680822372437,93.89010620117188,1.6386914253234863,0.6868131868131868,0.006868131868131868,-0.44406765699386597,-1.5027756690979004,1.396554946899414,1.4022347927093506,1.6210851669311523,0.0021626129746437073,-25.443201065063477,-0.4440676308322857,-85.97801971435547,-1.5005995283600975,82.9011001586914,1.4468971512947586,80.34213256835938,1.4022347413916394,92.88133239746094,1.6210850639749719,0.21626129746437073,0.0021626129746437073,False,False,0.0,0.0,0.0,0.0,0.0,0.1246795654296875,0.1246795654296875,0.0,2.8843994140625,2.8843994140625,0.0,0.0,0.0,0.0,0.0,0.0
5,565,21.46558230894152,21.47794075892307,False,-25.626373291015625,-0.44726458191871643,-81.89010620117188,-1.4292519092559814,86.72527313232422,1.513641595840454,80.3956069946289,1.4031680822372437,93.89010620117188,1.6386914253234863,0.6868131868131868,0.006868131868131868,-0.4419404864311218,-1.4154666662216187,1.327649474143982,1.4033089876174927,1.6173409223556519,0.0016677305102348328,-25.32132339477539,-0.4419404642010985,-81.10025787353516,-1.4154665241096436,82.72527313232422,1.4438283907706604,80.40367889404297,1.4033089274173227,92.66680145263672,1.617340792640375,0.16677305102348328,0.0016677305102348328,False,False,0.0,0.0,0.0,0.0,0.0,0.0,0.0,0.0,6.656562805175781,6.656562805175781,0.0,0.0,0.0,0.0,0.0,0.0
5,566,21.49890855990816,21.511710157967173,False,-25.186813354492188,-0.43959280848503113,-82.5054931640625,-1.4399925470352173,86.54945373535156,1.510572910308838,80.57142639160156,1.4062366485595703,93.89010620117188,1.6386914253234863,0.6868131868131868,0.006868131868131868,-0.44595658779144287,-1.2851128578186035,1.2015748023986816,1.4131906032562256,1.6175768375396729,0.0013540461659431458,-25.551429748535156,-0.44595657770396524,-78.5054931640625,-1.3701793366147916,82.54945373535156,1.4407597634046165,80.96985626220703,1.4131905866420618,92.6803207397461,1.617576748712956,0.13540461659431458,0.0013540461659431458,False,False,0.0,0.0,0.0,0.0,0.0,4.873954772949219,4.873954772949219,0.0,13.704292297363281,13.704292297363281,0.0,0.0,0.0,0.0,0.0,0.0
5,567,21.532465741969645,21.545572988921776,False,-25.186813354492188,-0.43959280848503113,-84.17582702636719,-1.4691452980041504,86.46154022216797,1.5090385675430298,81.010986328125,1.4139084815979004,93.45054626464844,1.6310197114944458,0.6868131868131868,0.006868131868131868,-0.4547010660171509,-1.233119010925293,1.1560591459274292,1.4158462285995483,1.6169203519821167,0.0014904513955116272,-26.05245018005371,-0.4547010338537268,-80.17582702636719,-1.399332162119562,82.46154022216797,1.4392253831425674,81.12200927734375,1.4158461577230343,92.64270782470703,1.6169202795042514,0.14904513955116272,0.0014904513955116272,False,False,0.0,0.0,0.0,0.0,0.0,9.5233154296875,9.5233154296875,0.0,16.22423553466797,16.22423553466797,0.0,0.0,0.0,0.0,0.0,0.0
5,568,21.56646086391993,21.57926934491843,False,-25.538461685180664,-0.4457302391529083,-85.14286041259766,-1.486023187637329,86.37362670898438,1.5075041055679321,81.010986328125,1.4139084815979004,93.18681335449219,1.6264166831970215,0.6868131868131868,0.006868131868131868,-0.4631805419921875,-1.1312047243118286,1.058056116104126,1.4371861219406128,1.619443655014038,0.0004356950521469116,-26.538288116455078,-0.4631805054750255,-81.14286041259766,-1.4162100786859937,82.37362670898438,1.4376910028805183,82.34469604492188,1.4371860675378392,92.78728485107422,1.6194436246371016,0.04356950521469116,0.0004356950521469116,False,False,0.0,0.0,0.0,0.0,0.0,16.329605102539062,16.329605102539062,0.0,21.751480102539062,21.751480102539062,0.0,0.0,0.0,0.0,0.0,0.0
5,569,21.599284340976737,21.612836092943326,False,-25.714284896850586,-0.44879892468452454,-83.9120864868164,-1.4645421504974365,86.19779968261719,1.504435420036316,81.010986328125,1.4139084815979004,93.27472686767578,1.6279510259628296,0.6868131868131868,0.006868131868131868,-0.46749788522720337,-1.048977255821228,1.0166585445404053,1.4241156578063965,1.6123162508010864,0.0013374686241149902,-26.785654067993164,-0.4674978557866938,-79.9120864868164,-1.3947290213334145,82.19779968261719,1.4346222423564199,81.59580993652344,1.4241155392238394,92.37891387939453,1.6123162066117225,0.13374686241149902,0.0013374686241149902,False,False,0.0,0.0,0.0,0.0,0.0,19.81011962890625,19.81011962890625,0.0,23.947559356689453,23.947559356689453,0.0,0.0,0.0,0.0,0.0,0.0
5,570,21.63275496591814,21.79607696691528,False,-25.714284896850586,-0.44879892468452454,-82.06593322753906,-1.4323207139968872,86.02198028564453,1.5013667345046997,80.65933990478516,1.4077709913253784,93.53845977783203,1.632554054260254,0.6868131868131868,0.006868131868131868,-0.4470635652542114,-1.5369991064071655,1.482223629951477,1.4002102613449097,1.6441229581832886,0.004166439175605774,-25.61485481262207,-0.4470635539005703,-86.06593322753906,-1.5021339086221466,84.92515563964844,1.4822235836804962,80.22613525390625,1.4002102063309612,94.20130157470703,1.6441228721427568,0.4166439175605774,0.004166439175605774,False,False,0.0,0.0,0.0,0.0,0.0,1.9976272583007812,1.9976272583007812,0.0,0.0,0.0,0.0,0.0,0.0,0.0,0.0,0.0
5,571,21.797633514972404,21.80968014895916,False,-26.41758155822754,-0.46107378602027893,-81.0988998413086,-1.4154428243637085,85.67032623291016,1.4952292442321777,81.010986328125,1.4139084815979004,93.18681335449219,1.6264166831970215,0.6868131868131868,0.006868131868131868,-0.4438813328742981,-1.5516794919967651,1.4898866415023804,1.395990014076233,1.6332396268844604,0.004006102681159973,-25.432525634765625,-0.443881309424521,-85.0988998413086,-1.485255992055715,85.36421203613281,1.4898865634010903,79.98432922363281,1.3959898949515126,93.5777359008789,1.6332395980320389,0.4006102681159973,0.004006102681159973,False,False,0.0,0.0,0.0,0.0,0.0,3.8057785034179688,3.8057785034179688,0.0,0.0,0.0,0.0,0.0,0.0,0.0,0.0,0.0
5,572,21.831029358902015,21.842000162927434,False,-26.241758346557617,-0.45800507068634033,-81.010986328125,-1.4139084815979004,85.67032623291016,1.4952292442321777,81.010986328125,1.4139084815979004,93.18681335449219,1.6264166831970215,0.6868131868131868,0.006868131868131868,-0.4447382688522339,-1.490363359451294,1.4220505952835083,1.4013690948486328,1.6345593929290771,0.001518741250038147,-25.481624603271484,-0.44473824808428125,-85.010986328125,-1.4837216117936658,81.67032623291016,1.4254160939421796,80.29253387451172,1.4013690808793091,93.65335083007812,1.6345593275102277,0.1518741250038147,0.001518741250038147,False,False,0.0,0.0,0.0,0.0,0.0,0.3805389404296875,0.3805389404296875,0.0,0.19283294677734375,0.19283294677734375,0.0,0.0,0.0,0.0,0.0,0.0
5,573,21.864944880944677,21.87617144896649,False,-26.241758346557617,-0.45800507068634033,-81.36264038085938,-1.4200459718704224,85.67032623291016,1.4952292442321777,80.83516693115234,1.4108397960662842,93.27472686767578,1.6279510259628296,0.6868131868131868,0.006868131868131868,-0.4431190490722656,-1.5299923419952393,1.4482589960098267,1.398910641670227,1.6299543380737305,0.0021077021956443787,-25.38884925842285,-0.44311901285199945,-85.36264038085938,-1.4898591328418624,82.9791259765625,1.4482589587181707,80.15167236328125,1.3989105837190023,93.38949584960938,1.6299541893532628,0.21077021956443787,0.0021077021956443787,False,False,0.0,0.0,0.0,0.0,0.0,2.2994613647460938,2.2994613647460938,0.0,0.0,0.0,0.0,0.0,0.0,0.0,0.0,0.0
5,574,21.898188011953607,21.90865177800879,False,-26.241758346557617,-0.45800507068634033,-82.85713958740234,-1.4461299180984497,86.19779968261719,1.504435420036316,80.92308044433594,1.4123741388320923,93.36264038085938,1.6294854879379272,0.6868131868131868,0.006868131868131868,-0.4380548596382141,-1.541009545326233,1.4563164710998535,1.3973170518875122,1.6345024108886719,0.0018684715032577515,-25.09869384765625,-0.43805484559164565,-86.85713958740234,-1.51594306466448,83.44078063964844,1.4563163525962055,80.06036376953125,1.397316948122699,93.65008544921875,1.6345023358629,0.18684715032577515,0.0018684715032577515,False,False,0.0,0.0,0.0,0.0,0.0,1.4361953735351562,1.4361953735351562,0.0,0.0,0.0,0.0,0.0,0.0,0.0,0.0,0.0
5,575,21.93148896191269,21.942110748961568,False,-25.9780216217041,-0.45340201258659363,-83.82417297363281,-1.4630078077316284,86.10989379882812,1.5029011964797974,80.92308044433594,1.4123741388320923,93.27472686767578,1.6279510259628296,0.6868131868131868,0.006868131868131868,-0.4428853392601013,-1.5630614757537842,1.4740166664123535,1.3982305526733398,1.6226104497909546,0.001917317509651184,-25.375459671020508,-0.442885320466345,-87.82417297363281,-1.5328209812309117,84.45492553710938,1.474016520149199,80.11270141601562,1.398230412376596,92.9687271118164,1.6226103894893147,0.1917317509651184,0.001917317509651184,False,False,0.0,0.0,0.0,0.0,0.0,1.7326507568359375,1.7326507568359375,0.0,0.0,0.0,0.0,0.0,0.0,0.0,0.0,0.0
5,576,21.964880662970245,21.978207476902753,False,-25.626373291015625,-0.44726458191871643,-84.70330047607422,-1.4783514738082886,85.84615325927734,1.4982980489730835,80.92308044433594,1.4123741388320923,93.010986328125,1.6233479976654053,0.6868131868131868,0.006868131868131868,-0.43623214960098267,-1.5668541193008423,1.4838045835494995,1.3929275274276733,1.6213985681533813,0.0022113174200057983,-24.994258880615234,-0.43623211156256814,-88.70330047607422,-1.5481646506933486,85.01573181152344,1.4838044361035674,79.8088607788086,1.3929273928559758,92.8992919921875,1.6213985180352741,0.22113174200057983,0.0022113174200057983,False,False,0.0,0.0,0.0,0.0,0.0,1.0708236694335938,1.0708236694335938,0.0,0.0,0.0,0.0,0.0,0.0,0.0,0.0,0.0
5,577,21.9982521769125,22.008815241977572,False,-25.450550079345703,-0.4441958963871002,-86.02198028564453,-1.5013667345046997,85.84615325927734,1.4982980489730835,80.92308044433594,1.4123741388320923,93.010986328125,1.6233479976654053,0.6868131868131868,0.006868131868131868,-0.43702417612075806,-1.585827350616455,1.4986450672149658,1.3955565690994263,1.6198828220367432,0.0017464011907577515,-25.03963851928711,-0.4370241356707577,-90.02198028564453,-1.5711799551499226,85.86603546142578,1.4986450344360884,79.9594955444336,1.3955564654841022,92.81244659423828,1.6198827799008555,0.17464011907577515,0.0017464011907577515,False,False,0.0,0.0,0.0,0.0,0.0,0.8392257690429688,0.8392257690429688,0.0,0.0,0.0,0.0,0.0,0.0,0.0,0.0,0.0
5,578,22.032080415985547,22.04272789694369,False,-25.27472496032715,-0.44112715125083923,-86.81318664550781,-1.5151759386062622,85.84615325927734,1.4982980489730835,80.74725341796875,1.409305453300476,93.010986328125,1.6233479976654053,0.6868131868131868,0.006868131868131868,-0.43311506509780884,-1.5332471132278442,1.4564177989959717,1.3956999778747559,1.6310209035873413,0.001296207308769226,-24.815664291381836,-0.43311504795419853,-87.84858703613281,-1.5332470870053243,83.44658660888672,1.456417685875683,79.96771240234375,1.395699876708803,93.45060729980469,1.6310207853698395,0.1296207308769226,0.001296207308769226,False,False,0.0,0.0,0.0,0.0,0.0,0.0,0.0,0.0,0.0,0.0,0.0,0.0,0.0,0.0,0.0,0.0
5,579,22.066023188992403,22.07678732695058,False,-25.27472496032715,-0.44112715125083923,-87.86813354492188,-1.533588171005249,86.02198028564453,1.5013667345046997,80.74725341796875,1.409305453300476,93.010986328125,1.6233479976654053,0.6868131868131868,0.006868131868131868,-0.43017643690109253,-1.5644950866699219,1.479222297668457,1.3946632146835327,1.6248490810394287,0.002582952380180359,-24.647293090820312,-0.4301764161388642,-89.63896179199219,-1.56449502133966,84.75318908691406,1.4792222011319769,79.90830993652344,1.3946631080964351,93.09699249267578,1.6248490427016353,0.2582952380180359,0.002582952380180359,False,False,0.0,0.0,0.0,0.0,0.0,0.0,0.0,0.0,0.0,0.0,0.0,0.0,0.0,0.0,0.0,0.0
5,580,22.09863427793607,22.109658255940303,False,-25.27472496032715,-0.44112715125083923,-88.65933990478516,-1.5473973751068115,86.10989379882812,1.5029011964797974,80.74725341796875,1.409305453300476,93.010986328125,1.6233479976654053,0.6868131868131868,0.006868131868131868,-0.4208943247795105,-1.6212596893310547,1.5055168867111206,1.3974120616912842,1.6286182403564453,0.0025149285793304443,-24.115467071533203,-0.4208943010545293,-92.65933990478516,-1.61721056406307,86.25975799560547,1.5055167889968197,80.06581115722656,1.3974120229736149,93.31295013427734,1.6286182145924244,0.25149285793304443,0.0025149285793304443,False,False,0.0,0.0,0.0,0.0,0.0,0.23199462890625,0.23199462890625,0.0,0.0,0.0,0.0,0.0,0.0,0.0,0.0,0.0
5,581,22.13204133498948,22.143271559965797,False,-25.27472496032715,-0.44112715125083923,-88.3956069946289,-1.5427943468093872,86.02198028564453,1.5013667345046997,80.74725341796875,1.409305453300476,93.010986328125,1.6233479976654053,0.6868131868131868,0.006868131868131868,-0.4165743589401245,-1.6148186922073364,1.504480242729187,1.3953754901885986,1.6263558864593506,0.0044942572712898254,-23.867950439453125,-0.41657432087128454,-92.3956069946289,-1.612607556434977,86.20036315917969,1.5044801535425065,79.9491195678711,1.3953753705299767,93.1833267211914,1.6263558592464022,0.44942572712898254,0.0044942572712898254,False,False,0.0,0.0,0.0,0.0,0.0,0.12668609619140625,0.12668609619140625,0.0,0.0,0.0,0.0,0.0,0.0,0.0,0.0,0.0
5,582,22.165904590976425,22.178630681009963,False,-25.186813354492188,-0.43959280848503113,-88.48351287841797,-1.5443285703659058,86.10989379882812,1.5029011964797974,80.65933990478516,1.4077709913253784,93.010986328125,1.6233479976654053,0.6868131868131868,0.006868131868131868,-0.4183017611503601,-1.6353269815444946,1.5287624597549438,1.3922086954116821,1.6216950416564941,0.005585856735706329,-23.9669246673584,-0.4183017470228508,-92.48351287841797,-1.6141418035389719,87.59162902832031,1.5287623237296308,79.7676773071289,1.3922086056777634,92.91627502441406,1.6216949278646,0.5585856735706329,0.005585856735706329,False,False,0.0,0.0,0.0,0.0,0.0,1.2138137817382812,1.2138137817382812,0.0,0.0,0.0,0.0,0.0,0.0,0.0,0.0,0.0
5,583,22.199198947986588,22.211451486917213,False,-24.74725341796875,-0.4319210350513458,-90.06593322753906,-1.5719470977783203,86.81318664550781,1.5151759386062622,80.57142639160156,1.4062366485595703,93.010986328125,1.6233479976654053,0.6868131868131868,0.006868131868131868,-0.42204493284225464,-1.6125643253326416,1.5145057439804077,1.3932141065597534,1.6333506107330322,0.004709169268608093,-24.181392669677734,-0.42204491980349806,-92.39312744140625,-1.6125642800672633,86.7747802734375,1.5145056234661098,79.82528686523438,1.393214082147323,93.58409118652344,1.6333505186914408,0.4709169268608093,0.004709169268608093,False,False,0.0,0.0,0.0,0.0,0.0,0.0,0.0,0.0,0.0,0.0,0.0,0.0,0.0,0.0,0.0,0.0
5,584,22.232564778998494,22.243252827902324,False,-24.131868362426758,-0.4211805462837219,-91.47252655029297,-1.5964967012405396,87.25274658203125,1.5228476524353027,80.57142639160156,1.4062366485595703,93.010986328125,1.6233479976654053,0.6868131868131868,0.006868131868131868,-0.4242261052131653,-1.5831573009490967,1.4977325201034546,1.390159010887146,1.6290981769561768,0.003739982843399048,-24.306364059448242,-0.42422608202578654,-90.7082290649414,-1.5831572558364448,85.81375122070312,1.4977325022885728,79.65023803710938,1.390158903744784,93.34044647216797,1.6290981162208569,0.3739982843399048,0.003739982843399048,False,False,0.0,0.0,0.0,0.0,0.0,0.0,0.0,0.0,0.0,0.0,0.0,0.0,0.0,0.0,0.0,0.0
5,585,22.2662133279955,22.277651123004034,False,-24.043956756591797,-0.4196462035179138,-91.82417297363281,-1.6026341915130615,87.78022003173828,1.532053828239441,80.57142639160156,1.4062366485595703,93.010986328125,1.6233479976654053,0.6868131868131868,0.006868131868131868,-0.4247370958328247,-1.6161460876464844,1.5167236328125,1.391652226448059,1.6200510263442993,0.0037356987595558167,-24.335641860961914,-0.42473707605994554,-92.59834289550781,-1.616145965417311,86.90185546875,1.5167235040219278,79.73579406738281,1.3916521381679914,92.82208251953125,1.6200509585236942,0.37356987595558167,0.0037356987595558167,False,False,0.0,0.0,0.0,0.0,0.0,0.0,0.0,0.0,0.0,0.0,0.0,0.0,0.0,0.0,0.0,0.0
5,586,22.299732864950784,22.310299393953755,False,-24.395605087280273,-0.425783634185791,-90.94505310058594,-1.587290644645691,87.78022003173828,1.532053828239441,80.57142639160156,1.4062366485595703,93.010986328125,1.6233479976654053,0.6868131868131868,0.006868131868131868,-0.4271430969238281,-1.5775203704833984,1.4814571142196655,1.3924306631088257,1.6300742626190186,0.006332390010356903,-24.473495483398438,-0.42714307565726395,-90.38525390625,-1.5775202759151286,84.88123321533203,1.4814569927607169,79.7803955078125,1.3924305801546215,93.39636993408203,1.6300741647603707,0.6332390010356903,0.006332390010356903,False,False,0.0,0.0,0.0,0.0,0.0,0.0,0.0,0.0,0.0,0.0,0.0,0.0,0.0,0.0,0.0,0.0
5,587,22.333994674962014,22.346112345927395,False,-24.483516693115234,-0.4273179769515991,-90.94505310058594,-1.587290644645691,87.78022003173828,1.532053828239441,80.57142639160156,1.4062366485595703,93.010986328125,1.6233479976654053,0.6868131868131868,0.006868131868131868,-0.42711830139160156,-1.5920724868774414,1.4951010942459106,1.392894983291626,1.6211084127426147,0.005119055509567261,-24.472074508666992,-0.42711827496961263,-91.21903228759766,-1.592072453901594,85.66297912597656,1.4951010328154655,79.80699920654297,1.392894902290677,92.8826675415039,1.62110836663451,0.5119055509567261,0.005119055509567261,False,False,0.0,0.0,0.0,0.0,0.0,0.0,0.0,0.0,0.0,0.0,0.0,0.0,0.0,0.0,0.0,0.0
5,588,22.367395264911465,22.378000855911523,False,-24.571428298950195,-0.4288523197174072,-91.38461303710938,-1.5949623584747314,87.78022003173828,1.532053828239441,80.57142639160156,1.4062366485595703,93.010986328125,1.6233479976654053,0.6868131868131868,0.006868131868131868,-0.42926710844039917,-1.591797947883606,1.4945775270462036,1.3914991617202759,1.6254392862319946,0.0046284496784210205,-24.595191955566406,-0.42926707978465667,-91.20330047607422,-1.591797881993207,85.63298034667969,1.4945774553451558,79.7270278930664,1.3914991395633665,93.13080596923828,1.625439199199197,0.46284496784210205,0.0046284496784210205,False,False,0.0,0.0,0.0,0.0,0.0,0.0,0.0,0.0,0.0,0.0,0.0,0.0,0.0,0.0,0.0,0.0
5,589,22.400953516946174,22.41194032097701,False,-24.395605087280273,-0.425783634185791,-91.38461303710938,-1.5949623584747314,87.78022003173828,1.532053828239441,80.57142639160156,1.4062366485595703,93.010986328125,1.6233479976654053,0.6868131868131868,0.006868131868131868,-0.4310036301612854,-1.5713504552841187,1.4724074602127075,1.3917135000228882,1.6224186420440674,0.0059508830308914185,-24.694686889648438,-0.43100359397344284,-90.03174591064453,-1.5713503974596876,84.36273193359375,1.4724074382185732,79.73930358886719,1.3917133908730632,92.95773315429688,1.6224185087327745,0.5950883030891418,0.0059508830308914185,False,False,0.0,0.0,0.0,0.0,0.0,0.0,0.0,0.0,0.0,0.0,0.0,0.0,0.0,0.0,0.0,0.0
5,590,22.435197830898687,22.445743758929893,False,-24.30769157409668,-0.4242492616176605,-91.29669952392578,-1.5934280157089233,87.78022003173828,1.532053828239441,80.57142639160156,1.4062366485595703,93.010986328125,1.6233479976654053,0.6868131868131868,0.006868131868131868,-0.4439728260040283,-1.5057146549224854,1.4183708429336548,1.395538330078125,1.629855751991272,0.004353135824203491,-25.437767028808594,-0.4439727890079652,-87.29669952392578,-1.5236148328166712,83.78022003173828,1.4622406875991412,79.95845031738281,1.395538222830635,93.38385009765625,1.6298556523929297,0.4353135824203491,0.004353135824203491,False,False,0.0,0.0,0.0,0.0,0.0,1.0256118774414062,1.0256118774414062,0.0,2.5135650634765625,2.5135650634765625,0.0,0.0,0.0,0.0,0.0,0.0
5,591,22.468349987990223,22.478971445932984,False,-24.21977996826172,-0.42271488904953003,-91.12088012695312,-1.5903593301773071,87.78022003173828,1.532053828239441,80.57142639160156,1.4062366485595703,93.010986328125,1.6233479976654053,0.6868131868131868,0.006868131868131868,-0.44331616163253784,-1.4903640747070312,1.3824490308761597,1.3947267532348633,1.6259080171585083,0.004492767155170441,-25.400144577026367,-0.44331615335169255,-87.12088012695312,-1.5205462054506276,83.78022003173828,1.4622406875991412,79.91194915771484,1.3947266244884333,93.15766143798828,1.6259079155510507,0.44927671551704407,0.004492767155170441,False,False,0.0,0.0,0.0,0.0,0.0,1.7293167114257812,1.7293167114257812,0.0,4.5717315673828125,4.5717315673828125,0.0,0.0,0.0,0.0,0.0,0.0
5,592,22.501890752930194,22.512343565933406,False,-24.571428298950195,-0.4288523197174072,-90.24176025390625,-1.5750157833099365,87.42857360839844,1.5259164571762085,80.57142639160156,1.4062366485595703,93.010986328125,1.6233479976654053,0.6868131868131868,0.006868131868131868,-0.45392417907714844,-1.3584492206573486,1.2692618370056152,1.3984488248825073,1.6213767528533936,0.004344142973423004,-26.007938385009766,-0.45392415647423706,-86.24176025390625,-1.505202669146245,83.42857360839844,1.456103299708999,80.12521362304688,1.3984487915859827,92.89804077148438,1.6213766801143354,0.4344142973423004,0.004344142973423004,False,False,0.0,0.0,0.0,0.0,0.0,8.408355712890625,8.408355712890625,0.0,10.705230712890625,10.705230712890625,0.0,0.0,0.0,0.0,0.0,0.0
5,593,22.535663616959937,22.546417768928222,False,-25.36263656616211,-0.4426615238189697,-89.010986328125,-1.553534746170044,87.34066009521484,1.5243821144104004,80.57142639160156,1.4062366485595703,93.010986328125,1.6233479976654053,0.6868131868131868,0.006868131868131868,-0.44628697633743286,-1.2789682149887085,1.1729966402053833,1.4126689434051514,1.6335854530334473,0.004098258912563324,-25.570358276367188,-0.44628694283718956,-85.010986328125,-1.4837216117936658,83.34066009521484,1.45456891944695,80.9399642944336,1.4126688733845152,93.59754943847656,1.6335854094995859,0.4098258912563324,0.004098258912563324,False,False,0.0,0.0,0.0,0.0,0.0,11.73150634765625,11.73150634765625,0.0,16.132904052734375,16.132904052734375,0.0,0.0,0.0,0.0,0.0,0.0
5,594,22.56913324201014,22.5799587930087,False,-25.450550079345703,-0.4441958963871002,-87.78022003173828,-1.532053828239441,87.25274658203125,1.5228476524353027,80.57142639160156,1.4062366485595703,93.18681335449219,1.6264166831970215,0.6868131868131868,0.006868131868131868,-0.44916409254074097,-1.217687964439392,1.1084338426589966,1.420680284500122,1.6334693431854248,0.003995381295681,-25.735204696655273,-0.44916405563134304,-83.78022003173828,-1.4622406875991412,83.25274658203125,1.4530345391849007,81.39897918701172,1.4206801945756917,93.59089660644531,1.6334692956760584,0.3995381295681,0.003995381295681,False,False,0.0,0.0,0.0,0.0,0.0,14.0118408203125,14.0118408203125,0.0,19.74416732788086,19.74416732788086,0.0,0.0,0.0,0.0,0.0,0.0
5,595,22.602715341956355,22.61340647400357,False,-25.186813354492188,-0.43959280848503113,-86.81318664550781,-1.5151759386062622,87.16483306884766,1.5213133096694946,80.57142639160156,1.4062366485595703,93.010986328125,1.6233479976654053,0.6868131868131868,0.006868131868131868,-0.4548490643501282,-1.191107988357544,1.0840940475463867,1.4172711372375488,1.622879981994629,0.004656493663787842,-26.060930252075195,-0.45484903903130797,-82.81318664550781,-1.4453627710327095,83.16483306884766,1.4515001589228516,81.20365142822266,1.417271082064281,92.98416900634766,1.6228799013916309,0.4656493663787842,0.004656493663787842,False,False,0.0,0.0,0.0,0.0,0.0,14.567726135253906,14.567726135253906,0.0,21.050823211669922,21.050823211669922,0.0,0.0,0.0,0.0,0.0,0.0
5,596,22.6357158459723,22.646309571922757,False,-25.010988235473633,-0.43652409315109253,-86.46154022216797,-1.5090385675430298,87.16483306884766,1.5213133096694946,80.92308044433594,1.4123741388320923,93.010986328125,1.6233479976654053,0.6868131868131868,0.006868131868131868,-0.44936877489089966,-1.1232423782348633,1.0452289581298828,1.4133905172348022,1.6254204511642456,0.005284063518047333,-25.746932983398438,-0.44936875285062927,-82.46154022216797,-1.4392253831425674,83.16483306884766,1.4515001589228516,80.98130798339844,1.4133904568818723,93.12973022460938,1.625420423913512,0.5284063518047333,0.005284063518047333,False,False,0.0,0.0,0.0,0.0,0.0,18.10449981689453,18.10449981689453,0.0,23.277629852294922,23.277629852294922,0.0,0.0,0.0,0.0,0.0,0.0
5,597,22.6696849509608,22.680060646962374,False,-25.538461685180664,-0.4457302391529083,-85.05494689941406,-1.484488844871521,86.81318664550781,1.5151759386062622,80.92308044433594,1.4123741388320923,92.92308044433594,1.6218136548995972,0.6868131868131868,0.006868131868131868,-0.45122331380844116,-1.1673274040222168,1.0835018157958984,1.4107062816619873,1.6207704544067383,0.004862338304519653,-25.85318946838379,-0.4512232783652196,-81.05494689941406,-1.4146756984239444,82.81318664550781,1.4453627710327095,80.8275146484375,1.4107062568191813,92.8633041381836,1.620770411492179,0.48623383045196533,0.004862338304519653,False,False,0.0,0.0,0.0,0.0,0.0,14.172019958496094,14.172019958496094,0.0,20.733108520507812,20.733108520507812,0.0,0.0,0.0,0.0,0.0,0.0
5,598,22.70266864693258,22.71324166294653,False,-26.065933227539062,-0.45493635535240173,-84.35164642333984,-1.4722139835357666,86.81318664550781,1.5151759386062622,80.83516693115234,1.4108397960662842,93.36264038085938,1.6294854879379272,0.6868131868131868,0.006868131868131868,-0.4423986077308655,-1.1500970125198364,1.077468991279602,1.4104478359222412,1.6197848320007324,0.005064450204372406,-25.347572326660156,-0.44239859448761937,-80.35164642333984,-1.4024007894856056,82.81318664550781,1.4453627710327095,80.81270599365234,1.4104477970353893,92.80683135986328,1.6197847755727406,0.5064450204372406,0.005064450204372406,False,False,0.0,0.0,0.0,0.0,0.0,14.455947875976562,14.455947875976562,0.0,21.078765869140625,21.078765869140625,0.0,0.0,0.0,0.0,0.0,0.0
5,599,22.736453654943034,22.746656366973184,False,-25.89011001586914,-0.4518676698207855,-83.47252655029297,-1.456870436668396,86.63735961914062,1.5121071338653564,80.57142639160156,1.4062366485595703,93.36264038085938,1.6294854879379272,0.6868131868131868,0.006868131868131868,-0.4377608895301819,-1.2477433681488037,1.1713329553604126,1.4065327644348145,1.6095889806747437,0.005952037870883942,-25.081850051879883,-0.4377608658968145,-79.47252655029297,-1.3870572531812233,82.63735961914062,1.4422940105086113,80.58838653564453,1.4065326839168637,92.22264862060547,1.6095888633393722,0.5952037870883942,0.005952037870883942,False,False,0.0,0.0,0.0,0.0,0.0,7.9821014404296875,7.9821014404296875,0.0,15.524925231933594,15.524925231933594,0.0,0.0,0.0,0.0,0.0,0.0
5,600,22.76986867294181,22.93046482396312,False,-25.450550079345703,-0.4441958963871002,-82.4175796508789,-1.4384580850601196,86.46154022216797,1.5090385675430298,80.30769348144531,1.401633620262146,93.27472686767578,1.6279510259628296,0.6868131868131868,0.006868131868131868,-0.4270583987236023,-1.5987831354141235,1.5453418493270874,1.3931828737258911,1.627153754234314,0.0033816173672676086,-24.468643188476562,-0.4270583871345995,-86.4175796508789,-1.5082712965122889,88.54155731201172,1.5453416999378646,79.82349395751953,1.3931827900045144,93.22903442382812,1.6271536091509353,0.33816173672676086,0.0033816173672676086,False,False,0.0,0.0,0.0,0.0,0.0,5.185943603515625,5.185943603515625,0.0,0.0,0.0,0.0,0.0,0.0,0.0,0.0,0.0
5,601,22.931926908902824,22.942725247936323,False,-25.538461685180664,-0.4457302391529083,-80.57142639160156,-1.4062366485595703,86.37362670898438,1.5075041055679321,80.21977996826172,1.400099277496338,92.92308044433594,1.6218136548995972,0.6868131868131868,0.006868131868131868,-0.43235427141189575,-1.603688359260559,1.5357239246368408,1.3902976512908936,1.6296544075012207,0.0015493854880332947,-24.77207374572754,-0.43235424940979017,-84.57142639160156,-1.4760498436414746,87.99049377441406,1.535723826819098,79.6581802368164,1.3902975212795226,93.372314453125,1.6296543174145197,0.15493854880332947,0.0015493854880332947,False,False,0.0,0.0,0.0,0.0,0.0,7.313140869140625,7.313140869140625,0.0,0.0,0.0,0.0,0.0,0.0,0.0,0.0,0.0
5,602,22.965345482924022,22.976402656990103,False,-25.27472496032715,-0.44112715125083923,-80.48351287841797,-1.4047023057937622,86.28571319580078,1.505969762802124,80.21977996826172,1.400099277496338,92.92308044433594,1.6218136548995972,0.6868131868131868,0.006868131868131868,-0.4296700954437256,-1.5864167213439941,1.52308988571167,1.3925166130065918,1.6245794296264648,0.0019837617874145508,-24.618282318115234,-0.42967008263661294,-84.48351287841797,-1.4745154633794253,87.26661682128906,1.523089790607762,79.78532409667969,1.392516600257831,93.08154296875,1.6245793976412648,0.19837617874145508,0.0019837617874145508,False,False,0.0,0.0,0.0,0.0,0.0,6.411468505859375,6.411468505859375,0.0,0.0,0.0,0.0,0.0,0.0,0.0,0.0,0.0
5,603,22.99876998597756,23.01048630697187,False,-25.186813354492188,-0.43959280848503113,-80.74725341796875,-1.409305453300476,86.28571319580078,1.505969762802124,80.13186645507812,1.3985649347305298,92.92308044433594,1.6218136548995972,0.6868131868131868,0.006868131868131868,-0.4314238429069519,-1.6014548540115356,1.5142929553985596,1.389914870262146,1.6275612115859985,0.0013251379132270813,-24.71876335144043,-0.4314238075039437,-84.74725341796875,-1.4791186041655728,86.76258850097656,1.5142928368950124,79.6362533569336,1.3899148250308782,93.25238037109375,1.6275610727977174,0.13251379132270813,0.0013251379132270813,False,False,0.0,0.0,0.0,0.0,0.0,7.009346008300781,7.009346008300781,0.0,0.0,0.0,0.0,0.0,0.0,0.0,0.0,0.0
5,604,23.032564041903242,23.044657297898084,False,-25.098901748657227,-0.438058465719223,-82.4175796508789,-1.4384580850601196,87.16483306884766,1.5213133096694946,80.13186645507812,1.3985649347305298,92.92308044433594,1.6218136548995972,0.6868131868131868,0.006868131868131868,-0.42410314083099365,-1.5991965532302856,1.5245367288589478,1.3940601348876953,1.6237902641296387,0.0018732249736785889,-24.299318313598633,-0.42410311056245215,-86.4175796508789,-1.5082712965122889,87.34951782226562,1.5245366860280023,79.8737564086914,1.3940600352675865,93.03632354736328,1.62379016985222,0.1873224973678589,0.0018732249736785889,False,False,0.0,0.0,0.0,0.0,0.0,5.209625244140625,5.209625244140625,0.0,0.0,0.0,0.0,0.0,0.0,0.0,0.0,0.0
5,605,23.06620981695596,23.0777374219615,False,-25.098901748657227,-0.438058465719223,-83.56044006347656,-1.458404779434204,87.6043930053711,1.5289851427078247,80.13186645507812,1.3985649347305298,92.92308044433594,1.6218136548995972,0.6868131868131868,0.006868131868131868,-0.4235328435897827,-1.5992286205291748,1.5205365419387817,1.3938289880752563,1.6236714124679565,0.0005522891879081726,-24.266643524169922,-0.4235328279045253,-87.56044006347656,-1.5282179736028187,87.12032318115234,1.5205364849126486,79.86051177978516,1.3938288728849677,93.02951049804688,1.6236712597095477,0.05522891879081726,0.0005522891879081726,False,False,0.0,0.0,0.0,0.0,0.0,4.068603515625,4.068603515625,0.0,0.0,0.0,0.0,0.0,0.0,0.0,0.0,0.0
5,606,23.09976743091829,23.111371208913624,False,-25.098901748657227,-0.438058465719223,-84.26373291015625,-1.470679521560669,87.69230651855469,1.5305194854736328,80.30769348144531,1.401633620262146,92.92308044433594,1.6218136548995972,0.6868131868131868,0.006868131868131868,-0.4282376170158386,-1.5969821214675903,1.5063939094543457,1.3970003128051758,1.6240748167037964,0.001277334988117218,-24.53620719909668,-0.4282376015757729,-88.26373291015625,-1.5404927493831029,86.31000518798828,1.5063937679437829,80.04222106933594,1.3970002982690886,93.05262756347656,1.6240747286146948,0.1277334988117218,0.001277334988117218,False,False,0.0,0.0,0.0,0.0,0.0,3.2365951538085938,3.2365951538085938,0.0,0.0,0.0,0.0,0.0,0.0,0.0,0.0,0.0
5,607,23.13346002693288,23.14506506593898,False,-24.923076629638672,-0.4349897503852844,-85.5824203491211,-1.4936950206756592,87.78022003173828,1.532053828239441,80.48351287841797,1.4047023057937622,92.92308044433594,1.6218136548995972,0.6868131868131868,0.006868131868131868,-0.4367305040359497,-1.5891691446304321,1.5101971626281738,1.3966872692108154,1.622528076171875,0.001462206244468689,-25.02281379699707,-0.43673048887106286,-89.5824203491211,-1.5635081869977312,86.52791595458984,1.5101970282965251,80.02428436279297,1.3966872436829498,92.96400451660156,1.6225279646535768,0.1462206244468689,0.001462206244468689,False,False,0.0,0.0,0.0,0.0,0.0,1.4702606201171875,1.4702606201171875,0.0,0.0,0.0,0.0,0.0,0.0,0.0,0.0,0.0
5,608,23.166908126906492,23.1782012169715,False,-24.571428298950195,-0.4288523197174072,-86.19779968261719,-1.504435420036316,87.78022003173828,1.532053828239441,80.48351287841797,1.4047023057937622,92.48351287841797,1.614141821861267,0.6868131868131868,0.006868131868131868,-0.4321444034576416,-1.5595183372497559,1.4612606763839722,1.4014866352081299,1.6330976486206055,0.0024254098534584045,-24.76004981994629,-0.4321443923158919,-89.35381317138672,-1.5595182390525746,83.78022003173828,1.4622406875991412,80.29926300048828,1.4014865262833816,93.56959533691406,1.6330975183878833,0.24254098534584045,0.0024254098534584045,False,False,0.0,0.0,0.0,0.0,0.0,0.0,0.0,0.0,0.05615234375,0.05615234375,0.0,0.0,0.0,0.0,0.0,0.0
5,609,23.20039192191325,23.212615167954937,False,-24.483516693115234,-0.4273179769515991,-87.16483306884766,-1.5213133096694946,87.78022003173828,1.532053828239441,80.48351287841797,1.4047023057937622,92.48351287841797,1.614141821861267,0.6868131868131868,0.006868131868131868,-0.43391990661621094,-1.502812385559082,1.3980185985565186,1.4043457508087158,1.6317607164382935,0.0011765211820602417,-24.861778259277344,-0.43391988852513413,-86.10480499267578,-1.5028123489098444,83.78022003173828,1.4622406875991412,80.46308135986328,1.4043456960296905,93.49299621582031,1.6317606115206635,0.11765211820602417,0.0011765211820602417,False,False,0.0,0.0,0.0,0.0,0.0,0.0,0.0,0.0,3.679656982421875,3.679656982421875,0.0,0.0,0.0,0.0,0.0,0.0
5,610,23.233828481985256,23.245734602911398,False,-24.923076629638672,-0.4349897503852844,-87.95604705810547,-1.5351226329803467,87.78022003173828,1.532053828239441,80.48351287841797,1.4047023057937622,92.48351287841797,1.614141821861267,0.6868131868131868,0.006868131868131868,-0.4422023892402649,-1.3919613361358643,1.2806835174560547,1.4114007949829102,1.6295207738876343,0.0014557838439941406,-25.336328506469727,-0.44220235280479414,-83.95604705810547,-1.4653094481232396,83.78022003173828,1.4622406875991412,80.86730194091797,1.4114006760734195,93.36465454101562,1.6295206267277977,0.14557838439941406,0.0014557838439941406,False,False,0.0,0.0,0.0,0.0,0.0,4.202545166015625,4.202545166015625,0.0,10.4024658203125,10.4024658203125,0.0,0.0,0.0,0.0,0.0,0.0
5,611,23.26716889999807,23.278771212906577,False,-25.186813354492188,-0.43959280848503113,-88.57142639160156,-1.5458630323410034,87.42857360839844,1.5259164571762085,80.57142639160156,1.4062366485595703,92.57142639160156,1.6156761646270752,0.6868131868131868,0.006868131868131868,-0.4419602155685425,-1.4544810056686401,1.3640799522399902,1.4011445045471191,1.6301735639572144,0.0028176456689834595,-25.32245445251465,-0.44196020488267873,-84.57142639160156,-1.4760498436414746,83.42857360839844,1.456103299708999,80.2796630859375,1.401144443241361,93.40206146240234,1.6301735006690308,0.28176456689834595,0.0028176456689834595,False,False,0.0,0.0,0.0,0.0,0.0,1.235809326171875,1.235809326171875,0.0,5.272552490234375,5.272552490234375,0.0,0.0,0.0,0.0,0.0,0.0
5,612,23.301580252940767,23.311915432917885,False,-25.186813354492188,-0.43959280848503113,-87.34066009521484,-1.5243821144104004,87.16483306884766,1.5213133096694946,80.57142639160156,1.4062366485595703,92.57142639160156,1.6156761646270752,0.6868131868131868,0.006868131868131868,-0.43606990575790405,-1.3482447862625122,1.2551771402359009,1.407009482383728,1.6293646097183228,0.002096012234687805,-24.98496437072754,-0.4360698917626687,-83.34066009521484,-1.45456891944695,83.16483306884766,1.4515001589228516,80.6156997680664,1.407009389751988,93.355712890625,1.6293645654879192,0.20960122346878052,0.002096012234687805,False,False,0.0,0.0,0.0,0.0,0.0,6.091926574707031,6.091926574707031,0.0,11.248481750488281,11.248481750488281,0.0,0.0,0.0,0.0,0.0,0.0
5,613,23.334808424930088,23.34535686892923,False,-25.186813354492188,-0.43959280848503113,-85.4065933227539,-1.4906262159347534,86.9011001586914,1.5167102813720703,80.57142639160156,1.4062366485595703,92.65933990478516,1.6172105073928833,0.6868131868131868,0.006868131868131868,-0.4369524121284485,-1.3271161317825317,1.2224432229995728,1.411618947982788,1.6371846199035645,0.0022555962204933167,-25.0355281829834,-0.4369523967688937,-81.4065933227539,-1.4208130863140866,82.9011001586914,1.4468971512947586,80.87980651855469,1.4116189221247515,93.80376434326172,1.6371845385547734,0.22555962204933167,0.0022555962204933167,False,False,0.0,0.0,0.0,0.0,0.0,5.368446350097656,5.368446350097656,0.0,12.860267639160156,12.860267639160156,0.0,0.0,0.0,0.0,0.0,0.0
5,614,23.368560842005536,23.379318163963035,False,-24.923076629638672,-0.4349897503852844,-84.52747344970703,-1.4752826690673828,86.81318664550781,1.5151759386062622,80.57142639160156,1.4062366485595703,92.74725341796875,1.618744969367981,0.6868131868131868,0.006868131868131868,-0.4591101408004761,-1.3216335773468018,1.2308043241500854,1.404539704322815,1.6282787322998047,0.0013112574815750122,-26.305072784423828,-0.45911013006494833,-80.52747344970703,-1.405469550009704,82.81318664550781,1.4453627710327095,80.47418975830078,1.4045395741570483,93.29349517822266,1.6282786615534395,0.13112574815750122,0.0013112574815750122,False,False,0.0,0.0,0.0,0.0,0.0,4.8034515380859375,4.8034515380859375,0.0,12.293296813964844,12.293296813964844,0.0,0.0,0.0,0.0,0.0,0.0
5,615,23.40171480900608,23.412270270986483,False,-24.83516502380371,-0.4334554076194763,-84.43955993652344,-1.4737483263015747,86.81318664550781,1.5151759386062622,80.57142639160156,1.4062366485595703,92.65933990478516,1.6172105073928833,0.6868131868131868,0.006868131868131868,-0.43595296144485474,-1.5251363515853882,1.4065488576889038,1.4020048379898071,1.620851755142212,0.003721475601196289,-24.97826385498047,-0.4359529457013006,-87.38387298583984,-1.5251362967474336,82.81318664550781,1.4453627710327095,80.3289566040039,1.402004777431511,92.86795806884766,1.6208516379054263,0.3721475601196289,0.003721475601196289,False,False,0.0,0.0,0.0,0.0,0.0,0.0,0.0,0.0,2.223876953125,2.223876953125,0.0,0.0,0.0,0.0,0.0,0.0
5,616,23.43521896097809,23.44804388191551,False,-25.010988235473633,-0.43652409315109253,-82.94505310058594,-1.4476642608642578,86.54945373535156,1.510572910308838,80.3956069946289,1.4031680822372437,92.65933990478516,1.6172105073928833,0.6868131868131868,0.006868131868131868,-0.4253090023994446,-1.582929015159607,1.469245195388794,1.3959563970565796,1.6182501316070557,0.005053974688053131,-24.368410110473633,-0.42530898990404004,-86.94505310058594,-1.5174774449265291,84.1815414428711,1.4692450675821587,79.98240661621094,1.3959563391217775,92.7188949584961,1.618249995836528,0.5053974688053131,0.005053974688053131,False,False,0.0,0.0,0.0,0.0,0.0,3.750091552734375,3.750091552734375,0.0,0.0,0.0,0.0,0.0,0.0,0.0,0.0,0.0
5,617,23.468918157974258,23.481250919983722,False,-25.89011001586914,-0.4518676698207855,-81.97801971435547,-1.430786371231079,86.46154022216797,1.5090385675430298,80.21977996826172,1.400099277496338,92.92308044433594,1.6218136548995972,0.6868131868131868,0.006868131868131868,-0.42371922731399536,-1.5890910625457764,1.497926115989685,1.392968773841858,1.623152732849121,0.00324065238237381,-24.27732276916504,-0.4237192158913172,-85.97801971435547,-1.5005995283600975,85.82483673095703,1.4979259809417669,79.81122589111328,1.3929686718528722,92.99979400634766,1.6231526090872548,0.324065238237381,0.00324065238237381,False,False,0.0,0.0,0.0,0.0,0.0,5.070182800292969,5.070182800292969,0.0,0.0,0.0,0.0,0.0,0.0,0.0,0.0,0.0
5,618,23.50247088796459,23.515239676926285,False,-25.36263656616211,-0.4426615238189697,-83.29669952392578,-1.4538016319274902,86.37362670898438,1.5075041055679321,80.48351287841797,1.4047023057937622,93.010986328125,1.6233479976654053,0.6868131868131868,0.006868131868131868,-0.4210594892501831,-1.5864505767822266,1.4835395812988281,1.3928568363189697,1.6215381622314453,0.004419468343257904,-24.124929428100586,-0.42105945033162784,-87.29669952392578,-1.5236148328166712,85.00054931640625,1.4835394515751044,79.80481719970703,1.3928568190870887,92.90728759765625,1.6215380676763944,0.4419468343257904,0.004419468343257904,False,False,0.0,0.0,0.0,0.0,0.0,3.6002197265625,3.6002197265625,0.0,0.0,0.0,0.0,0.0,0.0,0.0,0.0,0.0
5,619,23.53634648793377,23.549946530954912,False,-24.21977996826172,-0.42271488904953003,-85.4065933227539,-1.4906262159347534,86.54945373535156,1.510572910308838,80.48351287841797,1.4047023057937622,92.48351287841797,1.614141821861267,0.6868131868131868,0.006868131868131868,-0.4229598641395569,-1.5941814184188843,1.4973416328430176,1.392457365989685,1.6210110187530518,0.004547625780105591,-24.233814239501953,-0.42295984879599474,-89.4065933227539,-1.560439426473633,85.79135131835938,1.4973415502405492,79.78192901611328,1.3924573449235769,92.87708282470703,1.621010894938613,0.4547625780105591,0.004547625780105591,False,False,0.0,0.0,0.0,0.0,0.0,1.9332656860351562,1.9332656860351562,0.0,0.0,0.0,0.0,0.0,0.0,0.0,0.0,0.0
5,620,23.569751344970427,23.581927304971032,False,-24.74725341796875,-0.4319210350513458,-86.37362670898438,-1.5075041055679321,86.72527313232422,1.513641595840454,80.48351287841797,1.4047023057937622,92.48351287841797,1.614141821861267,0.6868131868131868,0.006868131868131868,-0.42105960845947266,-1.612870454788208,1.5107613801956177,1.3891985416412354,1.6186716556549072,0.004289209842681885,-24.124937057495117,-0.42105958348968237,-90.37362670898438,-1.5773173430400647,86.56024932861328,1.5107613521315129,79.59520721435547,1.389198434697647,92.74304962158203,1.6186715742370876,0.4289209842681885,0.004289209842681885,False,False,0.0,0.0,0.0,0.0,0.0,2.0370407104492188,2.0370407104492188,0.0,0.0,0.0,0.0,0.0,0.0,0.0,0.0,0.0
5,621,23.603247729013674,23.615079703973606,False,-24.923076629638672,-0.4349897503852844,-86.46154022216797,-1.5090385675430298,86.72527313232422,1.513641595840454,80.48351287841797,1.4047023057937622,93.010986328125,1.6233479976654053,0.6868131868131868,0.006868131868131868,-0.42520463466644287,-1.6074256896972656,1.5082197189331055,1.3899747133255005,1.622711420059204,0.00438777357339859,-24.362430572509766,-0.4252046272788225,-90.46154022216797,-1.5788517233021138,86.41461944580078,1.5082196311871412,79.63967895507812,1.3899746129973505,92.9745101928711,1.6227113232946286,0.438777357339859,0.00438777357339859,False,False,0.0,0.0,0.0,0.0,0.0,1.6371612548828125,1.6371612548828125,0.0,0.0,0.0,0.0,0.0,0.0,0.0,0.0,0.0
5,622,23.63683178590145,23.649683709954843,False,-24.21977996826172,-0.42271488904953003,-87.78022003173828,-1.532053828239441,87.16483306884766,1.5213133096694946,80.57142639160156,1.4062366485595703,92.57142639160156,1.6156761646270752,0.6868131868131868,0.006868131868131868,-0.4257740378379822,-1.6107845306396484,1.5142931938171387,1.390847086906433,1.6182836294174194,0.004624813795089722,-24.39505386352539,-0.4257740111198815,-91.78022003173828,-1.6018670277586875,86.76260375976562,1.5142931032111215,79.68966674804688,1.3908470645704605,92.72081756591797,1.618283551666263,0.46248137950897217,0.004624813795089722,False,False,0.0,0.0,0.0,0.0,0.0,0.5109329223632812,0.5109329223632812,0.0,0.0,0.0,0.0,0.0,0.0,0.0,0.0,0.0
5,623,23.670386869926006,23.681863488978706,False,-23.956043243408203,-0.4181118309497833,-89.36264038085938,-1.559672236442566,87.25274658203125,1.5228476524353027,80.57142639160156,1.4062366485595703,92.57142639160156,1.6156761646270752,0.6868131868131868,0.006868131868131868,-0.4215722680091858,-1.6169949769973755,1.5215619802474976,1.3902788162231445,1.617686152458191,0.004954315721988678,-24.15431022644043,-0.4215722419995226,-92.64698028564453,-1.6169948480147736,87.1790771484375,1.5215619350903837,79.6571044921875,1.3902787459938375,92.68658447265625,1.6176860714757038,0.4954315721988678,0.004954315721988678,False,False,0.0,0.0,0.0,0.0,0.0,0.0,0.0,0.0,0.0,0.0,0.0,0.0,0.0,0.0,0.0,0.0
5,624,23.703362331958488,23.714518628898077,False,-24.659339904785156,-0.43038666248321533,-90.15384674072266,-1.5734814405441284,87.25274658203125,1.5228476524353027,80.57142639160156,1.4062366485595703,92.57142639160156,1.6156761646270752,0.6868131868131868,0.006868131868131868,-0.4221646785736084,-1.6115055084228516,1.517286777496338,1.3871464729309082,1.6172032356262207,0.003679901361465454,-24.18825340270996,-0.4221646621840107,-92.33245849609375,-1.6115054072178479,86.93412017822266,1.517286629434425,79.47763061523438,1.3871463359196863,92.6589126586914,1.6172031072120179,0.3679901361465454,0.003679901361465454,False,False,0.0,0.0,0.0,0.0,0.0,0.0,0.0,0.0,0.0,0.0,0.0,0.0,0.0,0.0,0.0,0.0
5,625,23.736804937943816,23.747336282976903,False,-24.74725341796875,-0.4319210350513458,-90.85713958740234,-1.5857561826705933,87.34066009521484,1.5243821144104004,80.57142639160156,1.4062366485595703,92.92308044433594,1.6218136548995972,0.6868131868131868,0.006868131868131868,-0.42738765478134155,-1.5976777076721191,1.5043684244155884,1.387725830078125,1.6217767000198364,0.005315080285072327,-24.487506866455078,-0.4273876204243605,-91.5401840209961,-1.597677609047884,86.19395446777344,1.5043683007767232,79.51082611083984,1.3877257066148332,92.92095184326172,1.621776553752011,0.5315080285072327,0.005315080285072327,False,False,0.0,0.0,0.0,0.0,0.0,0.0,0.0,0.0,0.0,0.0,0.0,0.0,0.0,0.0,0.0,0.0
5,626,23.77049956296105,23.80231089296285,False,-24.21977996826172,-0.42271488904953003,-91.20879364013672,-1.5918937921524048,87.51648712158203,1.5274507999420166,80.48351287841797,1.4047023057937622,92.48351287841797,1.614141821861267,0.6868131868131868,0.006868131868131868,-0.4294111132621765,-1.5890460014343262,1.5057092905044556,1.3900816440582275,1.6278080940246582,0.004873007535934448,-24.603443145751953,-0.4294110902206027,-91.04562377929688,-1.5890459044807737,86.27078247070312,1.505709202385578,79.64580535888672,1.390081538915117,93.26652526855469,1.6278079478307679,0.4873007535934448,0.004873007535934448,False,False,0.0,0.0,0.0,0.0,0.0,0.0,0.0,0.0,0.0,0.0,0.0,0.0,0.0,0.0,0.0,0.0
5,627,23.803772641927935,23.815545429009944,False,-24.131868362426758,-0.4211805462837219,-91.29669952392578,-1.5934280157089233,87.51648712158203,1.5274507999420166,80.3956069946289,1.4031680822372437,92.48351287841797,1.614141821861267,0.6868131868131868,0.006868131868131868,-0.4256137013435364,-1.5998234748840332,1.514367938041687,1.3906170129776,1.6215736865997314,0.004560217261314392,-24.385868072509766,-0.4256136888222587,-91.66313171386719,-1.5998234510962153,86.76688385009766,1.5143678048796982,79.67648315429688,1.3906169674522777,92.9093246459961,1.621573620876947,0.4560217261314392,0.004560217261314392,False,False,0.0,0.0,0.0,0.0,0.0,0.0,0.0,0.0,0.0,0.0,0.0,0.0,0.0,0.0,0.0,0.0
5,628,23.83757832692936,23.849632458994165,False,-24.74725341796875,-0.4319210350513458,-91.56044006347656,-1.5980311632156372,87.51648712158203,1.5274507999420166,80.3956069946289,1.4031680822372437,92.57142639160156,1.6156761646270752,0.6868131868131868,0.006868131868131868,-0.42373818159103394,-1.6113299131393433,1.5174672603607178,1.3893264532089233,1.6150290966033936,0.005335748195648193,-24.27840805053711,-0.4237381576245704,-92.32239532470703,-1.6113297717439572,86.94446563720703,1.5174671917563323,79.6025390625,1.3893263995880252,92.53434753417969,1.6150290356561317,0.5335748195648193,0.005335748195648193,False,False,0.0,0.0,0.0,0.0,0.0,0.0,0.0,0.0,0.0,0.0,0.0,0.0,0.0,0.0,0.0,0.0
5,629,23.871000376995653,23.884173337952234,False,-24.74725341796875,-0.4319210350513458,-91.56044006347656,-1.5980311632156372,87.51648712158203,1.5274507999420166,80.3956069946289,1.4031680822372437,92.92308044433594,1.6218136548995972,0.6868131868131868,0.006868131868131868,-0.4254092574119568,-1.6192396879196167,1.5254265069961548,1.389976143836975,1.6172208786010742,0.005285590887069702,-24.37415313720703,-0.4254092246295679,-92.77559661865234,-1.6192396264976014,87.40049743652344,1.5254264481481976,79.63976287841797,1.38997607773595,92.65992736816406,1.617220817233267,0.5285590887069702,0.005285590887069702,False,False,0.0,0.0,0.0,0.0,0.0,0.0,0.0,0.0,0.0,0.0,0.0,0.0,0.0,0.0,0.0,0.0
5,630,23.904384819907136,24.07021629193332,False,-24.21977996826172,-0.42271488904953003,-91.73626708984375,-1.6010998487472534,87.51648712158203,1.5274507999420166,80.3956069946289,1.4031680822372437,92.48351287841797,1.614141821861267,0.6868131868131868,0.006868131868131868,-0.42461901903152466,-1.5542036294937134,1.4444217681884766,1.4035863876342773,1.6192704439163208,0.003352329134941101,-24.328876495361328,-0.4246189981551141,-89.04930114746094,-1.554203501623158,83.51648712158203,1.4576376799710482,80.41957092285156,1.4035862956448546,92.77735900878906,1.6192703860081918,0.3352329134941101,0.003352329134941101,False,False,0.0,0.0,0.0,0.0,0.0,0.0,0.0,0.0,0.7572174072265625,0.7572174072265625,0.0,0.0,0.0,0.0,0.0,0.0
5,631,24.0718064539833,24.085284950910136,False,-24.571428298950195,-0.4288523197174072,-92.52747344970703,-1.614909052848816,87.6043930053711,1.5289851427078247,80.3956069946289,1.4031680822372437,92.48351287841797,1.614141821861267,0.6868131868131868,0.006868131868131868,-0.418576717376709,-1.5606216192245483,1.4511288404464722,1.4015032052993774,1.6148474216461182,0.002730928361415863,-23.982677459716797,-0.41857668511588786,-89.41703033447266,-1.5606215866921944,83.6043930053711,1.459171927075043,80.30021667480469,1.4015031710401946,92.52393341064453,1.6148472749117337,0.2730928361415863,0.002730928361415863,False,False,0.0,0.0,0.0,0.0,0.0,0.0,0.0,0.0,0.46083831787109375,0.46083831787109375,0.0,0.0,0.0,0.0,0.0,0.0
5,632,24.105173719930463,24.139659125939943,False,-24.395605087280273,-0.425783634185791,-92.52747344970703,-1.614909052848816,87.6043930053711,1.5289851427078247,80.3956069946289,1.4031680822372437,92.48351287841797,1.614141821861267,0.6868131868131868,0.006868131868131868,-0.4243033528327942,-1.585618257522583,1.4716283082962036,1.399195671081543,1.6149368286132812,0.0013060346245765686,-24.310789108276367,-0.4243033136973989,-90.84922790527344,-1.5856181498417325,84.31808471679688,1.471628197283616,80.16799926757812,1.3991955419556408,92.52906036376953,1.6149367571243605,0.13060346245765686,0.0013060346245765686,False,False,0.0,0.0,0.0,0.0,0.0,0.0,0.0,0.0,0.0,0.0,0.0,0.0,0.0,0.0,0.0,0.0
5,633,24.141168275964446,24.154255681904033,False,-24.21977996826172,-0.42271488904953003,-92.17582702636719,-1.6087716817855835,87.51648712158203,1.5274507999420166,80.3956069946289,1.4031680822372437,92.48351287841797,1.614141821861267,0.6868131868131868,0.006868131868131868,-0.41081637144088745,-1.6495771408081055,1.5152668952941895,1.3981671333312988,1.610783338546753,0.001778148114681244,-23.538042068481445,-0.41081633356793784,-94.51380157470703,-1.6495770260552391,86.81838989257812,1.5152667549056544,80.10906982421875,1.3981670291426522,92.29108428955078,1.610783291088273,0.1778148114681244,0.001778148114681244,False,False,0.0,0.0,0.0,0.0,0.0,0.0,0.0,0.0,0.0,0.0,0.0,0.0,0.0,0.0,0.0,0.0
5,634,24.17487364495173,24.187479016953148,False,-24.21977996826172,-0.42271488904953003,-90.68132019042969,-1.5826876163482666,86.989013671875,1.518244743347168,80.3956069946289,1.4031680822372437,92.48351287841797,1.614141821861267,0.6868131868131868,0.006868131868131868,-0.4057195782661438,-1.6588865518569946,1.52510404586792,1.3974719047546387,1.6080597639083862,0.00229046493768692,-23.246017456054688,-0.40571954258423054,-94.68132019042969,-1.6525007774579825,87.38201904296875,1.525103939340189,80.0692367553711,1.397471810940087,92.1350326538086,1.6080596762414487,0.22904649376869202,0.00229046493768692,False,False,0.0,0.0,0.0,0.0,0.0,0.365875244140625,0.365875244140625,0.0,0.0,0.0,0.0,0.0,0.0,0.0,0.0,0.0
5,635,24.20802497700788,24.220228622900322,False,-24.21977996826172,-0.42271488904953003,-90.85713958740234,-1.5857561826705933,86.989013671875,1.518244743347168,80.3956069946289,1.4031680822372437,92.48351287841797,1.614141821861267,0.6868131868131868,0.006868131868131868,-0.3980996608734131,-1.6455004215240479,1.5173532962799072,1.3946359157562256,1.6093515157699585,0.00035262107849121094,-22.809429168701172,-0.3980996394942686,-94.28022766113281,-1.6455003922166003,86.93793487548828,1.517353208461677,79.90674591064453,1.3946358106952617,92.20904541015625,1.6093514425281918,0.035262107849121094,0.00035262107849121094,False,False,0.0,0.0,0.0,0.0,0.0,0.0,0.0,0.0,0.0,0.0,0.0,0.0,0.0,0.0,0.0,0.0
5,636,24.241438415949233,24.25402061198838,False,-24.21977996826172,-0.42271488904953003,-92.43955993652344,-1.6133747100830078,87.69230651855469,1.5305194854736328,80.3956069946289,1.4031680822372437,92.48351287841797,1.614141821861267,0.6868131868131868,0.006868131868131868,-0.4120919704437256,-1.6032075881958008,1.4704965353012085,1.3988068103790283,1.6183620691299438,0.00014542043209075928,-23.611129760742188,-0.4120919544405722,-91.85702514648438,-1.603207529893379,84.25324249267578,1.4704964869783868,80.14572143554688,1.3988067204364893,92.72531127929688,1.6183619817603658,0.014542043209075928,0.00014542043209075928,False,False,0.0,0.0,0.0,0.0,0.0,0.0,0.0,0.0,0.0,0.0,0.0,0.0,0.0,0.0,0.0,0.0
5,637,24.275018470943905,24.28633396793157,False,-23.69230842590332,-0.4135087728500366,-93.84615325927734,-1.637924313545227,88.04395294189453,1.5366568565368652,80.3956069946289,1.4031680822372437,92.74725341796875,1.618744969367981,0.6868131868131868,0.006868131868131868,-0.4110279083251953,-1.6076900959014893,1.4602367877960205,1.4010287523269653,1.619683861732483,0.0017272904515266418,-23.55016326904297,-0.411027888427031,-92.11385345458984,-1.607690029482146,84.04395294189453,1.4668436952272341,80.27303314208984,1.401028728891997,92.80104064941406,1.619683708609372,0.17272904515266418,0.0017272904515266418,False,False,0.0,0.0,0.0,0.0,0.0,0.0,0.0,0.0,0.3785552978515625,0.3785552978515625,0.0,0.0,0.0,0.0,0.0,0.0
5,638,24.30830991093535,24.32087190891616,False,-23.16483497619629,-0.4043026268482208,-93.31867980957031,-1.6287182569503784,87.95604705810547,1.5351226329803467,80.3956069946289,1.4031680822372437,92.48351287841797,1.614141821861267,0.6868131868131868,0.006868131868131868,-0.41790688037872314,-1.5702557563781738,1.4172344207763672,1.401987075805664,1.6225216388702393,0.0023598000407218933,-23.944299697875977,-0.4179068668122193,-89.96902465820312,-1.5702557050936106,83.95604705810547,1.4653094481232396,80.32793426513672,1.4019869342522073,92.96363830566406,1.6225215730669607,0.23598000407218933,0.0023598000407218933,False,False,0.0,0.0,0.0,0.0,0.0,0.0,0.0,0.0,2.7545013427734375,2.7545013427734375,0.0,0.0,0.0,0.0,0.0,0.0
5,639,24.341861177934334,24.35567372792866,False,-23.604394912719727,-0.41197440028190613,-92.35164642333984,-1.6118402481079102,87.6043930053711,1.5289851427078247,80.3956069946289,1.4031680822372437,92.48351287841797,1.614141821861267,0.6868131868131868,0.006868131868131868,-0.40921711921691895,-1.632224202156067,1.4755464792251587,1.4024072885513306,1.6124285459518433,0.002399034798145294,-23.446413040161133,-0.40921710533334527,-93.5195541381836,-1.6322241347083917,84.5425796508789,1.475546373037395,80.35201263427734,1.4024071810722218,92.38534545898438,1.6124284588516693,0.23990347981452942,0.002399034798145294,False,False,0.0,0.0,0.0,0.0,0.0,0.0,0.0,0.0,0.0,0.0,0.0,0.0,0.0,0.0,0.0,0.0
5,640,24.375091493944637,24.387282166979276,False,-24.131868362426758,-0.4211805462837219,-92.17582702636719,-1.6087716817855835,87.42857360839844,1.5259164571762085,80.3956069946289,1.4031680822372437,92.74725341796875,1.618744969367981,0.6868131868131868,0.006868131868131868,-0.40781599283218384,-1.6139780282974243,1.4765218496322632,1.4012125730514526,1.6149475574493408,0.0009760931134223938,-23.366134643554688,-0.4078159829943409,-92.47412109375,-1.6139778859738774,84.59846496582031,1.4765217557866366,80.28356170654297,1.4012124870072125,92.52967071533203,1.6149474097687206,0.09760931134223938,0.0009760931134223938,False,False,0.0,0.0,0.0,0.0,0.0,0.0,0.0,0.0,0.0,0.0,0.0,0.0,0.0,0.0,0.0,0.0
5,641,24.408736813929863,24.422093668952584,False,-23.868131637573242,-0.4165774881839752,-92.0879135131836,-1.6072373390197754,87.42857360839844,1.5259164571762085,80.3956069946289,1.4031680822372437,92.92308044433594,1.6218136548995972,0.6868131868131868,0.006868131868131868,-0.4130910634994507,-1.6184933185577393,1.4934180974960327,1.39737868309021,1.6052260398864746,0.0029798001050949097,-23.668373107910156,-0.4130910393235154,-92.73283386230469,-1.6184932756021067,85.5665512084961,1.4934180481645898,80.06389617919922,1.3973786003019344,91.97267150878906,1.60522593968355,0.29798001050949097,0.0029798001050949097,False,False,0.0,0.0,0.0,0.0,0.0,0.0,0.0,0.0,0.0,0.0,0.0,0.0,0.0,0.0,0.0,0.0
5,642,24.443396245944314,24.456929706968367,False,-23.516483306884766,-0.410440057516098,-91.82417297363281,-1.6026341915130615,87.42857360839844,1.5259164571762085,80.3956069946289,1.4031680822372437,92.3956069946289,1.6126075983047485,0.6868131868131868,0.006868131868131868,-0.3975614309310913,-1.6582739353179932,1.5206514596939087,1.39400315284729,1.6077510118484497,0.00367814302444458,-22.77859115600586,-0.3975614146379636,-95.01209259033203,-1.658273844911002,87.12690734863281,1.5206514003136855,79.87049102783203,1.3940030436202588,92.11734008789062,1.6077508827130542,0.367814302444458,0.00367814302444458,False,False,0.0,0.0,0.0,0.0,0.0,0.0,0.0,0.0,0.0,0.0,0.0,0.0,0.0,0.0,0.0,0.0
5,643,24.47675239399541,24.49006607895717,False,-23.25274658203125,-0.4058369994163513,-91.73626708984375,-1.6010998487472534,87.42857360839844,1.5259164571762085,80.3956069946289,1.4031680822372437,92.3956069946289,1.6126075983047485,0.6868131868131868,0.006868131868131868,-0.39576905965805054,-1.6640887260437012,1.522996187210083,1.3931341171264648,1.6080307960510254,0.0021849051117897034,-22.67589569091797,-0.395769040645313,-95.34525299072266,-1.6640885908350809,87.26124572753906,1.5229960473373914,79.8207015991211,1.393134054156566,92.13336944580078,1.608030647785567,0.21849051117897034,0.0021849051117897034,False,False,0.0,0.0,0.0,0.0,0.0,0.0,0.0,0.0,0.0,0.0,0.0,0.0,0.0,0.0,0.0,0.0
5,644,24.510312798898667,24.523307958967052,False,-23.428571701049805,-0.4089057147502899,-92.70330047607422,-1.6179778575897217,87.51648712158203,1.5274507999420166,80.3956069946289,1.4031680822372437,92.3956069946289,1.6126075983047485,0.6868131868131868,0.006868131868131868,-0.40463787317276,-1.6363788843154907,1.4945718050003052,1.394232988357544,1.6121923923492432,0.0020882338285446167,-23.18404197692871,-0.4046378664179812,-93.75759887695312,-1.6363787991669698,85.63265228271484,1.4945717295488121,79.88365936279297,1.3942328744223327,92.37181854248047,1.6121923696210338,0.20882338285446167,0.0020882338285446167,False,False,0.0,0.0,0.0,0.0,0.0,0.0,0.0,0.0,0.0,0.0,0.0,0.0,0.0,0.0,0.0,0.0
5,645,24.544050576980226,24.557788752950728,False,-23.516483306884766,-0.410440057516098,-94.10989379882812,-1.642527461051941,87.95604705810547,1.5351226329803467,80.3956069946289,1.4031680822372437,92.3956069946289,1.6126075983047485,0.6868131868131868,0.006868131868131868,-0.4045764207839966,-1.6602460145950317,1.5085819959640503,1.3933686017990112,1.6093575954437256,0.002210453152656555,-23.18052101135254,-0.40457641397582766,-95.12508392333984,-1.6602459156982055,86.43537902832031,1.5085819542534464,79.83413696289062,1.3933685454905476,92.20939636230469,1.6093575677986989,0.22104531526565552,0.002210453152656555,False,False,0.0,0.0,0.0,0.0,0.0,0.0,0.0,0.0,0.0,0.0,0.0,0.0,0.0,0.0,0.0,0.0
5,646,24.577023049001582,24.590790552902035,False,-23.16483497619629,-0.4043026268482208,-93.84615325927734,-1.637924313545227,87.95604705810547,1.5351226329803467,80.3956069946289,1.4031680822372437,92.57142639160156,1.6156761646270752,0.6868131868131868,0.006868131868131868,-0.4039742350578308,-1.6321941614151,1.485622525215149,1.3944463729858398,1.6084195375442505,0.003115259110927582,-23.14601707458496,-0.4039742066743335,-93.51782989501953,-1.632194040988074,85.1198959350586,1.48562244302171,79.89588928222656,1.3944463267837026,92.15564727783203,1.6084194693047185,0.3115259110927582,0.003115259110927582,False,False,0.0,0.0,0.0,0.0,0.0,0.0,0.0,0.0,0.0,0.0,0.0,0.0,0.0,0.0,0.0,0.0
5,647,24.61037094797939,24.644325629924424,False,-22.901098251342773,-0.3996995687484741,-93.5824203491211,-1.6333212852478027,87.95604705810547,1.5351226329803467,80.3956069946289,1.4031680822372437,92.3956069946289,1.6126075983047485,0.6868131868131868,0.006868131868131868,-0.4016817808151245,-1.6610281467437744,1.5178349018096924,1.3939133882522583,1.606299638748169,0.0035041943192481995,-23.01466941833496,-0.4016817576079933,-95.1698989868164,-1.661028086110362,86.96553039550781,1.5178348411448177,79.86534881591797,1.3939132950915232,92.03418731689453,1.6062995930770154,0.35041943192481995,0.0035041943192481995,False,False,0.0,0.0,0.0,0.0,0.0,0.0,0.0,0.0,0.0,0.0,0.0,0.0,0.0,0.0,0.0,0.0
5,648,24.645940054906532,24.65675155899953,False,-22.901098251342773,-0.3996995687484741,-93.5824203491211,-1.6333212852478027,87.95604705810547,1.5351226329803467,80.3956069946289,1.4031680822372437,92.3956069946289,1.6126075983047485,0.6868131868131868,0.006868131868131868,-0.4085664749145508,-1.6362907886505127,1.5182851552963257,1.3902896642684937,1.6080234050750732,0.0029279738664627075,-23.409133911132812,-0.40856646178952527,-93.75254821777344,-1.6362906485348883,86.99132537841797,1.5182850485270958,79.65772247314453,1.3902895317962525,92.13294982910156,1.6080233240925692,0.29279738664627075,0.0029279738664627075,False,False,0.0,0.0,0.0,0.0,0.0,0.0,0.0,0.0,0.0,0.0,0.0,0.0,0.0,0.0,0.0,0.0
5,649,24.679259883007035,24.690203467966057,False,-22.989011764526367,-0.4012339413166046,-93.67032623291016,-1.6348556280136108,87.95604705810547,1.5351226329803467,80.3956069946289,1.4031680822372437,92.3956069946289,1.6126075983047485,0.6868131868131868,0.006868131868131868,-0.407118558883667,-1.6504112482070923,1.5123645067214966,1.3874335289001465,1.6103665828704834,0.0021638497710227966,-23.326173782348633,-0.4071185343943628,-94.56159210205078,-1.650411128108652,86.652099609375,1.512364441949686,79.49407958984375,1.387433424685197,92.26720428466797,1.6103665063776755,0.21638497710227966,0.0021638497710227966,False,False,0.0,0.0,0.0,0.0,0.0,0.0,0.0,0.0,0.0,0.0,0.0,0.0,0.0,0.0,0.0,0.0
5,650,24.71291653998196,24.72505121899303,False,-23.076923370361328,-0.4027682840824127,-93.67032623291016,-1.6348556280136108,88.04395294189453,1.5366568565368652,80.3956069946289,1.4031680822372437,92.3956069946289,1.6126075983047485,0.6868131868131868,0.006868131868131868,-0.4140664339065552,-1.624334454536438,1.4938828945159912,1.3884814977645874,1.608879804611206,0.0017695948481559753,-23.724258422851562,-0.4140664220727569,-93.0675048828125,-1.6243343868209776,85.59317779541016,1.4938827697748087,79.55412292480469,1.388481378574143,92.18201446533203,1.6088796635410842,0.17695948481559753,0.0017695948481559753,False,False,0.0,0.0,0.0,0.0,0.0,0.0,0.0,0.0,0.0,0.0,0.0,0.0,0.0,0.0,0.0,0.0
5,651,24.746263408917002,24.757937963004224,False,-23.076923370361328,-0.4027682840824127,-93.75823974609375,-1.636389970779419,88.13186645507812,1.5381911993026733,80.3956069946289,1.4031680822372437,92.3956069946289,1.6126075983047485,0.6868131868131868,0.006868131868131868,-0.411379337310791,-1.6319390535354614,1.488189935684204,1.3874818086624146,1.6095646619796753,0.002182088792324066,-23.57029914855957,-0.41137932582238057,-93.50321197509766,-1.6319389101556443,85.26699829101562,1.4881898634706008,79.4968490600586,1.3874817610589818,92.22126007080078,1.6095646285734526,0.21820887923240662,0.002182088792324066,False,False,0.0,0.0,0.0,0.0,0.0,0.0,0.0,0.0,0.0,0.0,0.0,0.0,0.0,0.0,0.0,0.0
5,652,24.779528728919104,24.791392334969714,False,-23.076923370361328,-0.4027682840824127,-93.84615325927734,-1.637924313545227,88.13186645507812,1.5381911993026733,80.3956069946289,1.4031680822372437,92.3956069946289,1.6126075983047485,0.6868131868131868,0.006868131868131868,-0.41961073875427246,-1.5965617895126343,1.461900234222412,1.3895450830459595,1.610243320465088,0.003041677176952362,-24.04192352294922,-0.41961072398813837,-91.47624969482422,-1.5965617445511406,84.13186645507812,1.4683780754892832,79.61506652832031,1.3895450451135207,92.26013946533203,1.6102432020192048,0.3041677176952362,0.003041677176952362,False,False,0.0,0.0,0.0,0.0,0.0,0.0,0.0,0.0,0.37115478515625,0.37115478515625,0.0,0.0,0.0,0.0,0.0,0.0
5,653,24.812994470004924,24.82375929900445,False,-23.25274658203125,-0.4058369994163513,-93.84615325927734,-1.637924313545227,88.13186645507812,1.5381911993026733,80.3956069946289,1.4031680822372437,92.3956069946289,1.6126075983047485,0.6868131868131868,0.006868131868131868,-0.42663151025772095,-1.4888426065444946,1.3677815198898315,1.3903340101242065,1.6101698875427246,0.0024395138025283813,-24.444183349609375,-0.4266314824118598,-89.84615325927734,-1.5681111946258242,84.13186645507812,1.4683780754892832,79.66026306152344,1.3903338734284023,92.25593566894531,1.610169831931173,0.24395138025283813,0.0024395138025283813,False,False,0.0,0.0,0.0,0.0,0.0,4.5417633056640625,4.5417633056640625,0.0,5.763763427734375,5.763763427734375,0.0,0.0,0.0,0.0,0.0,0.0
5,654,24.84648840490263,24.857716217986308,False,-23.604394912719727,-0.41197440028190613,-93.5824203491211,-1.6333212852478027,88.04395294189453,1.5366568565368652,80.3956069946289,1.4031680822372437,92.3956069946289,1.6126075983047485,0.6868131868131868,0.006868131868131868,-0.43721234798431396,-1.423221468925476,1.2853389978408813,1.3945200443267822,1.615462303161621,0.0017982199788093567,-25.0504207611084,-0.43721232129128546,-89.5824203491211,-1.5635081869977312,84.04395294189453,1.4668436952272341,79.90010833740234,1.3945199631878433,92.55916595458984,1.6154621988074331,0.17982199788093567,0.0017982199788093567,False,False,0.0,0.0,0.0,0.0,0.0,8.037841796875,8.037841796875,0.0,10.399459838867188,10.399459838867188,0.0,0.0,0.0,0.0,0.0,0.0
5,655,24.87996226490941,24.890664506005123,False,-23.69230842590332,-0.4135087728500366,-92.96703338623047,-1.6225807666778564,87.78022003173828,1.532053828239441,80.3956069946289,1.4031680822372437,92.3956069946289,1.6126075983047485,0.6868131868131868,0.006868131868131868,-0.42338085174560547,-1.54696786403656,1.3963876962661743,1.3952804803848267,1.6060771942138672,0.0038913264870643616,-24.2579345703125,-0.423380827985309,-88.96703338623047,-1.5527676583214416,83.78022003173828,1.4622406875991412,79.94367980957031,1.3952804288371154,92.02143859863281,1.6060770859679394,0.38913264870643616,0.0038913264870643616,False,False,0.0,0.0,0.0,0.0,0.0,0.332305908203125,0.332305908203125,0.0,3.773101806640625,3.773101806640625,0.0,0.0,0.0,0.0,0.0,0.0
5,656,24.913294228957966,24.924104744917713,False,-24.131868362426758,-0.4211805462837219,-91.64835357666016,-1.5995655059814453,87.78022003173828,1.532053828239441,80.3956069946289,1.4031680822372437,92.3956069946289,1.6126075983047485,0.6868131868131868,0.006868131868131868,-0.4281463027000427,-1.5070092678070068,1.3674932718276978,1.3923271894454956,1.6083072423934937,0.0035555511713027954,-24.530975341796875,-0.4281462884398968,-87.64835357666016,-1.5297523538648679,83.78022003173828,1.4622406875991412,79.77446746826172,1.392327116346272,92.14921569824219,1.6083072170647716,0.35555511713027954,0.0035555511713027954,False,False,0.0,0.0,0.0,0.0,0.0,1.3030853271484375,1.3030853271484375,0.0,5.4286346435546875,5.4286346435546875,0.0,0.0,0.0,0.0,0.0,0.0
5,657,24.94723766995594,24.95773455395829,False,-24.74725341796875,-0.4319210350513458,-90.24176025390625,-1.5750157833099365,87.69230651855469,1.5305194854736328,80.3956069946289,1.4031680822372437,92.57142639160156,1.6156761646270752,0.6868131868131868,0.006868131868131868,-0.43934303522109985,-1.3312965631484985,1.203521490097046,1.3999918699264526,1.6110568046569824,0.002383112907409668,-25.172500610351562,-0.43934301661091696,-86.24176025390625,-1.505202669146245,83.69230651855469,1.460706307337092,80.213623046875,1.3999918271215746,92.30674743652344,1.6110566645741695,0.2383112907409668,0.002383112907409668,False,False,0.0,0.0,0.0,0.0,0.0,9.964088439941406,9.964088439941406,0.0,14.735610961914062,14.735610961914062,0.0,0.0,0.0,0.0,0.0,0.0
5,658,24.980638121953234,24.991565334959887,False,-24.483516693115234,-0.4273179769515991,-89.62637329101562,-1.5642752647399902,87.6043930053711,1.5289851427078247,80.3956069946289,1.4031680822372437,92.65933990478516,1.6172105073928833,0.6868131868131868,0.006868131868131868,-0.44892847537994385,-1.2133617401123047,1.129784345626831,1.4003560543060303,1.616611361503601,0.003403119742870331,-25.72170639038086,-0.44892846574341194,-85.62637329101562,-1.4944621404699554,83.6043930053711,1.459171927075043,80.23448944091797,1.4003560144006428,92.625,1.6166112196597477,0.3403119742870331,0.003403119742870331,False,False,0.0,0.0,0.0,0.0,0.0,16.105873107910156,16.105873107910156,0.0,18.872520446777344,18.872520446777344,0.0,0.0,0.0,0.0,0.0,0.0
5,659,25.01411200396251,25.025165980914608,False,-24.21977996826172,-0.42271488904953003,-88.92308044433594,-1.5520005226135254,87.42857360839844,1.5259164571762085,80.3956069946289,1.4031680822372437,92.3956069946289,1.6126075983047485,0.6868131868131868,0.006868131868131868,-0.45738130807876587,-1.0989484786987305,1.045128345489502,1.4095624685287476,1.6048380136489868,0.0022892802953720093,-26.206016540527344,-0.45738127246429616,-84.92308044433594,-1.4821873646896713,83.42857360839844,1.456103299708999,80.76197814941406,1.4095624291309923,91.950439453125,1.6048379171127254,0.22892802953720093,0.0022892802953720093,False,False,0.0,0.0,0.0,0.0,0.0,21.95797348022461,21.95797348022461,0.0,23.547134399414062,23.547134399414062,0.0,0.0,0.0,0.0,0.0,0.0
5,660,25.048230759915896,25.21480276994407,False,-25.186813354492188,-0.43959280848503113,-87.69230651855469,-1.5305194854736328,87.42857360839844,1.5259164571762085,80.3956069946289,1.4031680822372437,92.3956069946289,1.6126075983047485,0.6868131868131868,0.006868131868131868,-0.41746532917022705,-1.656842827796936,1.5515044927597046,1.395337462425232,1.613793134689331,0.002343609929084778,-23.91900062561035,-0.41746531470348414,-91.69230651855469,-1.6003326474966384,88.8946533203125,1.5515043878583625,79.94694519042969,1.395337420484443,92.46353149414062,1.6137930625942258,0.23436099290847778,0.002343609929084778,False,False,0.0,0.0,0.0,0.0,0.0,3.23779296875,3.23779296875,0.0,0.0,0.0,0.0,0.0,0.0,0.0,0.0,0.0
5,661,25.216245291987434,25.229323206003755,False,-26.241758346557617,-0.45800507068634033,-85.75823974609375,-1.4967635869979858,87.16483306884766,1.5213133096694946,80.57142639160156,1.4062366485595703,92.48351287841797,1.614141821861267,0.6868131868131868,0.006868131868131868,-0.4113579988479614,-1.6771715879440308,1.5593595504760742,1.4016108512878418,1.608336091041565,0.00199030339717865,-23.569076538085938,-0.4113579872441463,-89.75823974609375,-1.566576814363775,89.34471893310547,1.5593595146516057,80.30638122558594,1.4016107627482337,92.15086364746094,1.6083359792045446,0.199030339717865,0.00199030339717865,False,False,0.0,0.0,0.0,0.0,0.0,6.33660888671875,6.33660888671875,0.0,0.0,0.0,0.0,0.0,0.0,0.0,0.0,0.0
5,662,25.249977500992827,25.261532071977854,False,-26.153846740722656,-0.4564707279205322,-85.5824203491211,-1.4936950206756592,87.16483306884766,1.5213133096694946,80.57142639160156,1.4062366485595703,92.65933990478516,1.6172105073928833,0.6868131868131868,0.006868131868131868,-0.4138127565383911,-1.6639338731765747,1.5411782264709473,1.4047905206680298,1.6142489910125732,0.001766301691532135,-23.7097225189209,-0.4138127226894132,-89.5824203491211,-1.5635081869977312,88.3030014038086,1.5411781138896348,80.48856353759766,1.4047904439317338,92.4896469116211,1.614248862614793,0.1766301691532135,0.001766301691532135,False,False,0.0,0.0,0.0,0.0,0.0,5.753959655761719,5.753959655761719,0.0,0.0,0.0,0.0,0.0,0.0,0.0,0.0,0.0
5,663,25.283283483004197,25.29407129192259,False,-25.626373291015625,-0.44726458191871643,-85.5824203491211,-1.4936950206756592,87.16483306884766,1.5213133096694946,80.57142639160156,1.4062366485595703,92.48351287841797,1.614141821861267,0.6868131868131868,0.006868131868131868,-0.42059171199798584,-1.5542699098587036,1.4541122913360596,1.410313367843628,1.6153285503387451,0.0010177791118621826,-24.098129272460938,-0.42059169937566904,-89.0531005859375,-1.5542698143343008,83.31449127197266,1.4541121873200014,80.80500030517578,1.4103133074003402,92.55150604248047,1.6153285081207112,0.10177791118621826,0.0010177791118621826,False,False,0.0,0.0,0.0,0.0,0.0,0.0,0.0,0.0,0.0,0.0,0.0,0.0,0.0,0.0,0.0,0.0
5,664,25.317063827998936,25.331280850921758,False,-24.571428298950195,-0.4288523197174072,-87.6043930053711,-1.5289851427078247,88.13186645507812,1.5381911993026733,80.57142639160156,1.4062366485595703,92.57142639160156,1.6156761646270752,0.6868131868131868,0.006868131868131868,-0.41944432258605957,-1.6271204948425293,1.5315066576004028,1.4014854431152344,1.6075372695922852,0.0026595667004585266,-24.03238868713379,-0.419444309709522,-91.6043930053711,-1.5987982672345893,87.74886322021484,1.531506578074903,80.2991943359375,1.401485327860891,92.10509490966797,1.6075371640355753,0.26595667004585266,0.0026595667004585266,False,False,0.0,0.0,0.0,0.0,0.0,1.62274169921875,1.62274169921875,0.0,0.0,0.0,0.0,0.0,0.0,0.0,0.0,0.0
5,665,25.350237748003565,25.36383282591123,False,-24.21977996826172,-0.42271488904953003,-88.74725341796875,-1.5489317178726196,88.65933990478516,1.5473973751068115,80.57142639160156,1.4062366485595703,92.3956069946289,1.6126075983047485,0.6868131868131868,0.006868131868131868,-0.41627371311187744,-1.6521178483963013,1.5357695817947388,1.3990567922592163,1.6081209182739258,0.0036861971020698547,-23.850725173950195,-0.4162736832737282,-92.74725341796875,-1.6187449443251192,87.99311065673828,1.535769500031793,80.16004180908203,1.3990566581047932,92.13853454589844,1.6081207957884662,0.3686197102069855,0.0036861971020698547,False,False,0.0,0.0,0.0,0.0,0.0,1.9121246337890625,1.9121246337890625,0.0,0.0,0.0,0.0,0.0,0.0,0.0,0.0,0.0
5,666,25.383734714938328,25.396880023996346,False,-24.74725341796875,-0.4319210350513458,-88.21977996826172,-1.539725661277771,88.65933990478516,1.5473973751068115,80.57142639160156,1.4062366485595703,92.3956069946289,1.6126075983047485,0.6868131868131868,0.006868131868131868,-0.4140573740005493,-1.6543604135513306,1.5397077798843384,1.3962147235870361,1.604796051979065,0.0026811733841896057,-23.723739624023438,-0.4140573673250506,-92.21977996826172,-1.609538795910879,88.21875,1.5397076494937476,79.99720764160156,1.3962146657475152,91.94803619384766,1.6047959723255567,0.26811733841896057,0.0026811733841896057,False,False,0.0,0.0,0.0,0.0,0.0,2.568084716796875,2.568084716796875,0.0,0.0,0.0,0.0,0.0,0.0,0.0,0.0,0.0
5,667,25.417323972913437,25.430558744934388,False,-24.483516693115234,-0.4273179769515991,-89.36264038085938,-1.559672236442566,88.74725341796875,1.5489317178726196,80.57142639160156,1.4062366485595703,92.83516693115234,1.620279312133789,0.6868131868131868,0.006868131868131868,-0.4134068489074707,-1.6727296113967896,1.5477592945098877,1.3978919982910156,1.6083052158355713,0.001930244266986847,-23.686466217041016,-0.41340682364977155,-93.36264038085938,-1.6294854730014088,88.68006896972656,1.5477591844173841,80.09330749511719,1.3978919246020471,92.14909362792969,1.6083050865358997,0.1930244266986847,0.001930244266986847,False,False,0.0,0.0,0.0,0.0,0.0,2.4776992797851562,2.4776992797851562,0.0,0.0,0.0,0.0,0.0,0.0,0.0,0.0,0.0
5,668,25.451035948004574,25.46416141197551,False,-23.69230842590332,-0.4135087728500366,-91.03296661376953,-1.588824987411499,88.74725341796875,1.5489317178726196,80.57142639160156,1.4062366485595703,92.30769348144531,1.6110731363296509,0.6868131868131868,0.006868131868131868,-0.415416955947876,-1.6664774417877197,1.5581380128860474,1.3934890031814575,1.6045700311660767,0.0022554025053977966,-23.801637649536133,-0.4154169443510497,-95.03296661376953,-1.6586381653481246,89.27472686767578,1.5581379226595864,79.84103393554688,1.393488920371819,91.93508911132812,1.6045700031070635,0.22554025053977966,0.0022554025053977966,False,False,0.0,0.0,0.0,0.0,0.0,0.44915008544921875,0.44915008544921875,0.0,0.0,0.0,0.0,0.0,0.0,0.0,0.0,0.0
5,669,25.484439828898758,25.49600095290225,False,-23.69230842590332,-0.4135087728500366,-92.0,-1.6057028770446777,88.74725341796875,1.5489317178726196,80.57142639160156,1.4062366485595703,92.30769348144531,1.6110731363296509,0.6868131868131868,0.006868131868131868,-0.4187787175178528,-1.6474357843399048,1.5347216129302979,1.3924689292907715,1.6059973239898682,0.0013320893049240112,-23.994251251220703,-0.41877868588457035,-94.39111328125,-1.647435711380761,87.93306732177734,1.5347215461428467,79.78258514404297,1.3924687965162643,92.01686096191406,1.6059971911352369,0.13320893049240112,0.0013320893049240112,False,False,0.0,0.0,0.0,0.0,0.0,0.0,0.0,0.0,0.0,0.0,0.0,0.0,0.0,0.0,0.0,0.0
5,670,25.51807879190892,25.53154909098521,False,-24.30769157409668,-0.4242492616176605,-92.43955993652344,-1.6133747100830078,89.27472686767578,1.5581378936767578,80.57142639160156,1.4062366485595703,92.3956069946289,1.6126075983047485,0.6868131868131868,0.006868131868131868,-0.4207956790924072,-1.6217468976974487,1.5247735977172852,1.3933072090148926,1.6073009967803955,0.0026483312249183655,-24.10981559753418,-0.4207956642256555,-92.91925048828125,-1.6217468595058566,87.36309051513672,1.5247735742069648,79.83061981201172,1.3933071596274211,92.09156036376953,1.6073009416468853,0.26483312249183655,0.0026483312249183655,False,False,0.0,0.0,0.0,0.0,0.0,0.0,0.0,0.0,0.0,0.0,0.0,0.0,0.0,0.0,0.0,0.0
5,671,25.551482909941114,25.565615743980743,False,-24.21977996826172,-0.42271488904953003,-93.23076629638672,-1.6271837949752808,89.45054626464844,1.561206579208374,80.57142639160156,1.4062366485595703,92.65933990478516,1.6172105073928833,0.6868131868131868,0.006868131868131868,-0.4191959500312805,-1.6406766176223755,1.5017510652542114,1.400422215461731,1.6134122610092163,0.0031357109546661377,-24.018157958984375,-0.4191959366483585,-94.00383758544922,-1.6406764753760852,86.04399108886719,1.5017509460573932,80.23828125,1.4004221939537314,92.44171142578125,1.6134122305583445,0.31357109546661377,0.0031357109546661377,False,False,0.0,0.0,0.0,0.0,0.0,0.0,0.0,0.0,0.0,0.0,0.0,0.0,0.0,0.0,0.0,0.0
5,672,25.58485890191514,25.596876805997454,False,-23.868131637573242,-0.4165774881839752,-93.4945068359375,-1.6317869424819946,89.36264038085938,1.559672236442566,80.57142639160156,1.4062366485595703,92.30769348144531,1.6110731363296509,0.6868131868131868,0.006868131868131868,-0.4259074330329895,-1.6082910299301147,1.4603421688079834,1.4014760255813599,1.6084078550338745,0.0031929388642311096,-24.40269660949707,-0.42590740220098083,-92.14828491210938,-1.608290971782122,85.36264038085938,1.4898591328418624,80.29866027832031,1.4014760067970757,92.15497589111328,1.608407751395922,0.31929388642311096,0.0031929388642311096,False,False,0.0,0.0,0.0,0.0,0.0,0.0,0.0,0.0,1.6912002563476562,1.6912002563476562,0.0,0.0,0.0,0.0,0.0,0.0
5,673,25.618215733906254,25.63177781191189,False,-23.69230842590332,-0.4135087728500366,-93.5824203491211,-1.6333212852478027,89.36264038085938,1.559672236442566,80.57142639160156,1.4062366485595703,92.30769348144531,1.6110731363296509,0.6868131868131868,0.006868131868131868,-0.41313040256500244,-1.6266379356384277,1.489297866821289,1.4012771844863892,1.6050268411636353,0.0034349337220191956,-23.67062759399414,-0.4131303875286213,-93.1994857788086,-1.6266378880058416,85.36264038085938,1.4898591328418624,80.28726196289062,1.4012770686636469,91.96125793457031,1.605026735234012,0.34349337220191956,0.0034349337220191956,False,False,0.0,0.0,0.0,0.0,0.0,0.0,0.0,0.0,0.03216552734375,0.03216552734375,0.0,0.0,0.0,0.0,0.0,0.0
5,674,25.651681735995226,25.66226041596383,False,-23.868131637573242,-0.4165774881839752,-93.14286041259766,-1.6256495714187622,89.0988998413086,1.5550692081451416,80.57142639160156,1.4062366485595703,92.30769348144531,1.6110731363296509,0.6868131868131868,0.006868131868131868,-0.42446160316467285,-1.598679542541504,1.4838731288909912,1.401592493057251,1.6068676710128784,0.0010362118482589722,-24.319856643676758,-0.4244615720451768,-91.59758758544922,-1.5986794902499717,85.0988998413086,1.485255992055715,80.30532836914062,1.4015923869367122,92.06673431396484,1.6068676453375292,0.10362118482589722,0.0010362118482589722,False,False,0.0,0.0,0.0,0.0,0.0,0.0,0.0,0.0,0.0792388916015625,0.0792388916015625,0.0,0.0,0.0,0.0,0.0,0.0
5,675,25.68550282891374,25.69714267901145,False,-24.131868362426758,-0.4211805462837219,-93.4065933227539,-1.6302525997161865,89.010986328125,1.553534746170044,80.57142639160156,1.4062366485595703,92.30769348144531,1.6110731363296509,0.6868131868131868,0.006868131868131868,-0.4231528043746948,-1.6306272745132446,1.5114434957504272,1.3990024328231812,1.6067173480987549,0.001056864857673645,-24.244869232177734,-0.423152794816971,-93.42805480957031,-1.6306271701607258,86.59932708740234,1.5114433876866822,80.15692901611328,1.3990023296185556,92.05812072753906,1.6067173098939944,0.1056864857673645,0.001056864857673645,False,False,0.0,0.0,0.0,0.0,0.0,0.0,0.0,0.0,0.0,0.0,0.0,0.0,0.0,0.0,0.0,0.0
5,676,25.71865574095864,25.72891098400578,False,-24.395605087280273,-0.425783634185791,-93.4945068359375,-1.6317869424819946,88.92308044433594,1.5520005226135254,80.57142639160156,1.4062366485595703,92.30769348144531,1.6110731363296509,0.6868131868131868,0.006868131868131868,-0.42757004499435425,-1.6168708801269531,1.5036057233810425,1.3987884521484375,1.6062593460083008,0.0018540993332862854,-24.497957229614258,-0.4275700136695173,-92.6398696899414,-1.616870744707976,86.15026092529297,1.503605704598579,80.14466857910156,1.3987883446249678,92.03187561035156,1.6062592461865008,0.18540993332862854,0.0018540993332862854,False,False,0.0,0.0,0.0,0.0,0.0,0.0,0.0,0.0,0.0,0.0,0.0,0.0,0.0,0.0,0.0,0.0
5,677,25.752187403966673,25.762371412012726,False,-24.395605087280273,-0.425783634185791,-92.70330047607422,-1.6179778575897217,88.92308044433594,1.5520005226135254,80.57142639160156,1.4062366485595703,92.30769348144531,1.6110731363296509,0.6868131868131868,0.006868131868131868,-0.42277562618255615,-1.5900195837020874,1.470661997795105,1.3954018354415894,1.5940523147583008,0.003530927002429962,-24.223257064819336,-0.4227755913380749,-91.10140991210938,-1.5900195561753065,84.92308044433594,1.4821873646896713,79.95063018798828,1.3954017358247686,91.33246612548828,1.5940522478559591,0.3530927002429962,0.003530927002429962,False,False,0.0,0.0,0.0,0.0,0.0,0.0,0.0,0.0,0.6603622436523438,0.6603622436523438,0.0,0.0,0.0,0.0,0.0,0.0
5,678,25.785579937975854,25.795929692918435,False,-24.21977996826172,-0.42271488904953003,-92.35164642333984,-1.6118402481079102,88.92308044433594,1.5520005226135254,80.57142639160156,1.4062366485595703,92.30769348144531,1.6110731363296509,0.6868131868131868,0.006868131868131868,-0.41928738355636597,-1.5960845947265625,1.4969300031661987,1.3976294994354248,1.6025599241256714,0.0020496249198913574,-24.023395538330078,-0.4192873496527755,-91.44890594482422,-1.5960845060837985,85.76776885986328,1.4969299586940774,80.0782699584961,1.3976294700766199,91.81991577148438,1.6025598491162716,0.20496249198913574,0.0020496249198913574,False,False,0.0,0.0,0.0,0.0,0.0,0.0,0.0,0.0,0.0,0.0,0.0,0.0,0.0,0.0,0.0,0.0
5,679,25.819061526912265,25.829260239959694,False,-24.043956756591797,-0.4196462035179138,-92.35164642333984,-1.6118402481079102,88.83516693115234,1.5504661798477173,80.57142639160156,1.4062366485595703,92.30769348144531,1.6110731363296509,0.6868131868131868,0.006868131868131868,-0.42499303817749023,-1.5790741443634033,1.4729125499725342,1.3996801376342773,1.5979257822036743,0.0039269328117370605,-24.350305557250977,-0.42499300584070215,-90.47428131103516,-1.5790740972531354,84.83516693115234,1.480652984427622,80.19576263427734,1.3996801041159808,91.55439758300781,1.5979256825034247,0.39269328117370605,0.0039269328117370605,False,False,0.0,0.0,0.0,0.0,0.0,0.0,0.0,0.0,0.4434967041015625,0.4434967041015625,0.0,0.0,0.0,0.0,0.0,0.0
5,680,25.85254020791035,25.863618876901455,False,-23.956043243408203,-0.4181118309497833,-92.43955993652344,-1.6133747100830078,88.65933990478516,1.5473973751068115,80.57142639160156,1.4062366485595703,92.30769348144531,1.6110731363296509,0.6868131868131868,0.006868131868131868,-0.4292978048324585,-1.525754690170288,1.4449512958526611,1.4025545120239258,1.5994007587432861,0.003566756844520569,-24.59695053100586,-0.4292977727162198,-88.43955993652344,-1.5435615099072013,84.65933990478516,1.4775842239035237,80.3604507446289,1.4025544538805033,91.63890838623047,1.5994006742731652,0.3566756844520569,0.003566756844520569,False,False,0.0,0.0,0.0,0.0,0.0,1.020263671875,1.020263671875,0.0,1.8697357177734375,1.8697357177734375,0.0,0.0,0.0,0.0,0.0,0.0
5,681,25.885773167945445,25.896722508012317,False,-23.956043243408203,-0.4181118309497833,-92.0,-1.6057028770446777,88.65933990478516,1.5473973751068115,80.57142639160156,1.4062366485595703,92.30769348144531,1.6110731363296509,0.6868131868131868,0.006868131868131868,-0.4315861463546753,-1.4715394973754883,1.3728585243225098,1.4053760766983032,1.5967414379119873,0.0029797106981277466,-24.728063583374023,-0.43158612717238404,-88.0,-1.53588974175501,84.65933990478516,1.4775842239035237,80.52210998535156,1.4053759398973877,91.48654174804688,1.5967413747666666,0.29797106981277466,0.0029797106981277466,False,False,0.0,0.0,0.0,0.0,0.0,3.6870040893554688,3.6870040893554688,0.0,6.000343322753906,6.000343322753906,0.0,0.0,0.0,0.0,0.0,0.0
5,682,25.91921594797168,25.9301258479245,False,-24.131868362426758,-0.4211805462837219,-90.85713958740234,-1.5857561826705933,88.3956069946289,1.5427943468093872,80.57142639160156,1.4062366485595703,92.30769348144531,1.6110731363296509,0.6868131868131868,0.006868131868131868,-0.4165489077568054,-1.6057145595550537,1.485371708869934,1.4028007984161377,1.5967563390731812,0.0051742419600486755,-23.866493225097656,-0.41654888768287424,-92.00066375732422,-1.605714496585525,85.10552215576172,1.4853715732470245,80.37455749511719,1.4028006631232812,91.48739624023438,1.596756288468771,0.5174241960048676,0.0051742419600486755,False,False,0.0,0.0,0.0,0.0,0.0,0.0,0.0,0.0,0.0,0.0,0.0,0.0,0.0,0.0,0.0,0.0
5,683,25.952871951973066,25.96377459098585,False,-24.659339904785156,-0.43038666248321533,-89.80220031738281,-1.567344069480896,88.30769348144531,1.541260004043579,80.57142639160156,1.4062366485595703,92.30769348144531,1.6110731363296509,0.6868131868131868,0.006868131868131868,-0.4099504351615906,-1.6495243310928345,1.5280495882034302,1.394752860069275,1.6002932786941528,0.0037921518087387085,-23.488428115844727,-0.40995040673949856,-93.80220031738281,-1.6371572411536,87.55078887939453,1.5280495286638713,79.91344451904297,1.3947527234671162,91.69004821777344,1.6002932327125052,0.37921518087387085,0.0037921518087387085,False,False,0.0,0.0,0.0,0.0,0.0,0.7085800170898438,0.7085800170898438,0.0,0.0,0.0,0.0,0.0,0.0,0.0,0.0,0.0
5,684,25.98638904292602,25.996652625966817,False,-24.74725341796875,-0.4319210350513458,-89.010986328125,-1.553534746170044,88.30769348144531,1.541260004043579,80.57142639160156,1.4062366485595703,92.57142639160156,1.6156761646270752,0.6868131868131868,0.006868131868131868,-0.40993213653564453,-1.6267002820968628,1.5113654136657715,1.401341438293457,1.6053190231323242,0.0030067041516304016,-23.48737907409668,-0.40993209750700427,-93.010986328125,-1.6233479519532121,86.59485626220703,1.511365357066743,80.29094696044922,1.4013413840039721,91.97799682617188,1.6053188840055939,0.30067041516304016,0.0030067041516304016,False,False,0.0,0.0,0.0,0.0,0.0,0.19207000732421875,0.19207000732421875,0.0,0.0,0.0,0.0,0.0,0.0,0.0,0.0,0.0
5,685,26.01958924892824,26.029692266951315,False,-24.131868362426758,-0.4211805462837219,-90.32967376708984,-1.5765502452850342,88.30769348144531,1.541260004043579,80.57142639160156,1.4062366485595703,92.57142639160156,1.6156761646270752,0.6868131868131868,0.006868131868131868,-0.4034549593925476,-1.665844440460205,1.5418874025344849,1.3962278366088867,1.600661039352417,0.0032998397946357727,-23.11626434326172,-0.40345492355128165,-94.32967376708984,-1.6463633895678405,88.34363555908203,1.541887313687923,79.99795532226562,1.3962277152368565,91.71112060546875,1.6006610152590453,0.32998397946357727,0.0032998397946357727,False,False,0.0,0.0,0.0,0.0,0.0,1.116180419921875,1.116180419921875,0.0,0.0,0.0,0.0,0.0,0.0,0.0,0.0,0.0
5,686,26.05335035000462,26.06338364793919,False,-23.516483306884766,-0.410440057516098,-92.52747344970703,-1.614909052848816,88.48351287841797,1.5443285703659058,80.57142639160156,1.4062366485595703,92.30769348144531,1.6110731363296509,0.6868131868131868,0.006868131868131868,-0.4088096618652344,-1.6622588634490967,1.525744080543518,1.397544264793396,1.6000967025756836,0.004603154957294464,-23.423067092895508,-0.40880964168656314,-95.24040985107422,-1.6622587328500875,87.41869354248047,1.5257440301081897,80.0733871459961,1.3975442489217373,91.67877960205078,1.600096558266003,0.4603154957294464,0.004603154957294464,False,False,0.0,0.0,0.0,0.0,0.0,0.0,0.0,0.0,0.0,0.0,0.0,0.0,0.0,0.0,0.0,0.0
5,687,26.086791049921885,26.09702233900316,False,-23.604394912719727,-0.41197440028190613,-93.31867980957031,-1.6287182569503784,88.74725341796875,1.5489317178726196,80.57142639160156,1.4062366485595703,92.30769348144531,1.6110731363296509,0.6868131868131868,0.006868131868131868,-0.40592771768569946,-1.6437355279922485,1.5197324752807617,1.3963454961776733,1.5955710411071777,0.005667932331562042,-23.257944107055664,-0.40592770191293387,-94.1791000366211,-1.6437353822041503,87.07424926757812,1.5197323434214993,80.00469970703125,1.3963454269570381,91.41947937011719,1.5955709154675768,0.5667932331562042,0.005667932331562042,False,False,0.0,0.0,0.0,0.0,0.0,0.0,0.0,0.0,0.0,0.0,0.0,0.0,0.0,0.0,0.0,0.0
5,688,26.120356364990585,26.130792626994662,False,-23.868131637573242,-0.4165774881839752,-93.31867980957031,-1.6287182569503784,88.83516693115234,1.5504661798477173,80.57142639160156,1.4062366485595703,92.30769348144531,1.6110731363296509,0.6868131868131868,0.006868131868131868,-0.41201871633529663,-1.637018084526062,1.5340051651000977,1.3946601152420044,1.5977286100387573,0.002828948199748993,-23.606931686401367,-0.41201868422108134,-93.79421997070312,-1.6370179578285888,87.89201354980469,1.534005022651561,79.90813446044922,1.3946600454611815,91.54309844970703,1.5977284754247043,0.2828948199748993,0.002828948199748993,False,False,0.0,0.0,0.0,0.0,0.0,0.0,0.0,0.0,0.0,0.0,0.0,0.0,0.0,0.0,0.0,0.0
5,689,26.153968494967557,26.164353522937745,False,-23.956043243408203,-0.4181118309497833,-93.5824203491211,-1.6333212852478027,88.83516693115234,1.5504661798477173,80.57142639160156,1.4062366485595703,92.30769348144531,1.6110731363296509,0.6868131868131868,0.006868131868131868,-0.4097907543182373,-1.6267118453979492,1.5194892883300781,1.3945188522338867,1.6066454648971558,0.0019307434558868408,-23.479278564453125,-0.4097907169426347,-93.20372009277344,-1.6267117907260913,87.06031799316406,1.519489196813975,79.90003967285156,1.3945187647653527,92.05400085449219,1.6066454045445622,0.19307434558868408,0.0019307434558868408,False,False,0.0,0.0,0.0,0.0,0.0,0.0,0.0,0.0,0.0,0.0,0.0,0.0,0.0,0.0,0.0,0.0
5,690,26.18739823496435,26.348543477011845,False,-23.69230842590332,-0.4135087728500366,-93.75823974609375,-1.636389970779419,88.83516693115234,1.5504661798477173,80.57142639160156,1.4062366485595703,92.30769348144531,1.6110731363296509,0.6868131868131868,0.006868131868131868,-0.40190863609313965,-1.6767460107803345,1.551924705505371,1.4009290933609009,1.608359932899475,0.0024109333753585815,-23.027667999267578,-0.4019086256433544,-96.07046508789062,-1.676745929705955,88.91873168945312,1.551924634678377,80.26731872558594,1.4009289935091735,92.15222930908203,1.6083598144963007,0.24109333753585815,0.0024109333753585815,False,False,0.0,0.0,0.0,0.0,0.0,0.0,0.0,0.0,0.0,0.0,0.0,0.0,0.0,0.0,0.0,0.0
5,691,26.350090035935864,26.36088288296014,False,-23.604394912719727,-0.41197440028190613,-93.4065933227539,-1.6302525997161865,88.83516693115234,1.5504661798477173,80.57142639160156,1.4062366485595703,92.30769348144531,1.6110731363296509,0.6868131868131868,0.006868131868131868,-0.4007672071456909,-1.6883952617645264,1.5540741682052612,1.3991299867630005,1.609099268913269,0.0022724419832229614,-22.962268829345703,-0.40076719480014644,-96.7379150390625,-1.6883951289461796,89.04188537597656,1.5540740719941801,80.16423797607422,1.3991298950347704,92.19459533691406,1.6090992411729612,0.22724419832229614,0.0022724419832229614,False,False,0.0,0.0,0.0,0.0,0.0,0.0,0.0,0.0,0.0,0.0,0.0,0.0,0.0,0.0,0.0,0.0
5,692,26.383634453988634,26.395291597931646,False,-23.604394912719727,-0.41197440028190613,-93.4065933227539,-1.6302525997161865,88.83516693115234,1.5504661798477173,80.57142639160156,1.4062366485595703,92.30769348144531,1.6110731363296509,0.6868131868131868,0.006868131868131868,-0.3932152986526489,-1.6992573738098145,1.5606201887130737,1.3946586847305298,1.6113505363464355,0.001914195716381073,-22.52957534790039,-0.39321526889700875,-97.36026763916016,-1.6992572309262313,89.41694641113281,1.560620121953595,79.90805053710938,1.394658580722582,92.32357788085938,1.6113504112424053,0.1914195716381073,0.001914195716381073,False,False,0.0,0.0,0.0,0.0,0.0,0.0,0.0,0.0,0.0,0.0,0.0,0.0,0.0,0.0,0.0,0.0
5,693,26.416808675974607,26.427538745920174,False,-23.516483306884766,-0.410440057516098,-93.84615325927734,-1.637924313545227,89.0988998413086,1.5550692081451416,80.57142639160156,1.4062366485595703,92.30769348144531,1.6110731363296509,0.6868131868131868,0.006868131868131868,-0.3984234929084778,-1.7026596069335938,1.549493432044983,1.3955163955688477,1.606923222541809,0.0022301673889160156,-22.827983856201172,-0.39842347988282223,-97.55520629882812,-1.702659552376862,88.77942657470703,1.5494933017611892,79.95719909667969,1.3955163849096963,92.06991577148438,1.6069231722462576,0.22301673889160156,0.0022301673889160156,False,False,0.0,0.0,0.0,0.0,0.0,0.0,0.0,0.0,0.0,0.0,0.0,0.0,0.0,0.0,0.0,0.0
5,694,26.450650791986845,26.460991316009313,False,-23.428571701049805,-0.4089057147502899,-95.25274658203125,-1.6624740362167358,89.71428680419922,1.565809726715088,80.57142639160156,1.4062366485595703,92.3956069946289,1.6126075983047485,0.6868131868131868,0.006868131868131868,-0.40201324224472046,-1.6581214666366577,1.5291147232055664,1.3986175060272217,1.6101038455963135,0.0032692700624465942,-23.033660888671875,-0.40201322129516726,-95.00335693359375,-1.658121378938595,87.61181640625,1.5291146599418484,80.13487243652344,1.3986173696829847,92.25215148925781,1.610103785536139,0.3269270062446594,0.0032692700624465942,False,False,0.0,0.0,0.0,0.0,0.0,0.0,0.0,0.0,0.0,0.0,0.0,0.0,0.0,0.0,0.0,0.0
5,695,26.483795995940454,26.493909168988466,False,-23.16483497619629,-0.4043026268482208,-95.95604705810547,-1.6747488975524902,89.80220031738281,1.567344069480896,80.57142639160156,1.4062366485595703,92.3956069946289,1.6126075983047485,0.6868131868131868,0.006868131868131868,-0.4014850854873657,-1.6815358400344849,1.5400962829589844,1.3969669342041016,1.602166771888733,0.0024154335260391235,-23.003398895263672,-0.4014850498719773,-96.34490203857422,-1.681535758084517,88.24101257324219,1.54009620469679,80.0403060913086,1.396966875597408,91.7973861694336,1.6021666333813214,0.24154335260391235,0.0024154335260391235,False,False,0.0,0.0,0.0,0.0,0.0,0.0,0.0,0.0,0.0,0.0,0.0,0.0,0.0,0.0,0.0,0.0
5,696,26.5171931439545,26.527458260999992,False,-23.076923370361328,-0.4027682840824127,-96.04395294189453,-1.6762832403182983,89.71428680419922,1.565809726715088,80.57142639160156,1.4062366485595703,92.3956069946289,1.6126075983047485,0.6868131868131868,0.006868131868131868,-0.4034767150878906,-1.7040542364120483,1.5515433549880981,1.3959360122680664,1.6055225133895874,0.0009466633200645447,-23.117511749267578,-0.40347669489319304,-97.6351089477539,-1.704054116681682,88.89688110351562,1.5515432700102778,79.98123931884766,1.3959359659394384,91.98966217041016,1.6055224826709302,0.09466633200645447,0.0009466633200645447,False,False,0.0,0.0,0.0,0.0,0.0,0.0,0.0,0.0,0.0,0.0,0.0,0.0,0.0,0.0,0.0,0.0
5,697,26.551263845991343,26.562850151909515,False,-23.25274658203125,-0.4058369994163513,-95.6043930053711,-1.6686114072799683,89.71428680419922,1.565809726715088,80.57142639160156,1.4062366485595703,92.3956069946289,1.6126075983047485,0.6868131868131868,0.006868131868131868,-0.40145474672317505,-1.7108722925186157,1.5488835573196411,1.3991988897323608,1.601694941520691,0.0027856826782226562,-23.00166130065918,-0.40145472312506403,-98.0257568359375,-1.7108722085464483,88.7444839477539,1.548883437871561,80.1681900024414,1.3991988709070036,91.77035522460938,1.601694854394214,0.2785682678222656,0.0027856826782226562,False,False,0.0,0.0,0.0,0.0,0.0,0.0,0.0,0.0,0.0,0.0,0.0,0.0,0.0,0.0,0.0,0.0
5,698,26.58436380897183,26.595878925989382,False,-23.25274658203125,-0.4058369994163513,-95.69230651855469,-1.6701457500457764,89.71428680419922,1.565809726715088,80.57142639160156,1.4062366485595703,92.3956069946289,1.6126075983047485,0.6868131868131868,0.006868131868131868,-0.40439337491989136,-1.6770985126495361,1.5130302906036377,1.4022537469863892,1.6113229990005493,0.0030052661895751953,-23.170032501220703,-0.40439335494039835,-96.09066009521484,-1.677098399076227,86.69024658203125,1.5130302322222058,80.34321594238281,1.4022536498353788,92.3219985961914,1.611322847525123,0.30052661895751953,0.0030052661895751953,False,False,0.0,0.0,0.0,0.0,0.0,0.0,0.0,0.0,0.0,0.0,0.0,0.0,0.0,0.0,0.0,0.0
5,699,26.618131157010794,26.628581493976526,False,-23.25274658203125,-0.4058369994163513,-96.57142639160156,-1.685489296913147,89.71428680419922,1.565809726715088,80.57142639160156,1.4062366485595703,92.3956069946289,1.6126075983047485,0.6868131868131868,0.006868131868131868,-0.4154701232910156,-1.6470847129821777,1.46381413936615,1.4084850549697876,1.6087392568588257,0.002278372645378113,-23.804683685302734,-0.4154701077043104,-94.3709945678711,-1.647084573591034,85.71428680419922,1.4959965207320045,80.70024108886719,1.4084849141539462,92.17396545410156,1.6087391817935826,0.22783726453781128,0.002278372645378113,False,False,0.0,0.0,0.0,0.0,0.0,0.0,0.0,0.0,1.8439178466796875,1.8439178466796875,0.0,0.0,0.0,0.0,0.0,0.0
5,700,26.651554615003988,26.6618224469712,False,-23.25274658203125,-0.4058369994163513,-96.65933990478516,-1.6870237588882446,89.71428680419922,1.565809726715088,80.57142639160156,1.4062366485595703,92.3956069946289,1.6126075983047485,0.6868131868131868,0.006868131868131868,-0.4015916585922241,-1.6587110757827759,1.4593496322631836,1.4107133150100708,1.6132681369781494,0.003205038607120514,-23.009506225585938,-0.40159164289460775,-95.03713989257812,-1.6587110028039385,85.71428680419922,1.4959965207320045,80.82791137695312,1.4107131810380156,92.4334487915039,1.6132680203853167,0.3205038607120514,0.003205038607120514,False,False,0.0,0.0,0.0,0.0,0.0,0.0,0.0,0.0,2.0997161865234375,2.0997161865234375,0.0,0.0,0.0,0.0,0.0,0.0
5,701,26.684769343934022,26.694845856982283,False,-23.25274658203125,-0.4058369994163513,-95.78022003173828,-1.671680212020874,89.36264038085938,1.559672236442566,80.57142639160156,1.4062366485595703,92.3956069946289,1.6126075983047485,0.6868131868131868,0.006868131868131868,-0.4038572311401367,-1.6669892072677612,1.4887076616287231,1.4054374694824219,1.6016747951507568,0.0029995590448379517,-23.139312744140625,-0.40385719403393816,-95.51144409179688,-1.6669891727363406,85.36264038085938,1.4898591328418624,80.52562713623047,1.4054373257605142,91.76920318603516,1.6016747475279838,0.29995590448379517,0.0029995590448379517,False,False,0.0,0.0,0.0,0.0,0.0,0.0,0.0,0.0,0.06597900390625,0.06597900390625,0.0,0.0,0.0,0.0,0.0,0.0
5,702,26.718348619993776,26.72835496091284,False,-23.16483497619629,-0.4043026268482208,-95.34066009521484,-1.664008378982544,89.18681335449219,1.5566035509109497,80.57142639160156,1.4062366485595703,92.3956069946289,1.6126075983047485,0.6868131868131868,0.006868131868131868,-0.3985389471054077,-1.682473063468933,1.5168193578720093,1.4036058187484741,1.602333903312683,0.005406558513641357,-22.834598541259766,-0.39853892791607715,-96.39859771728516,-1.682472924472116,86.90734100341797,1.5168192446631161,80.42068481445312,1.4036057367208121,91.80696868896484,1.6023338798977784,0.5406558513641357,0.005406558513641357,False,False,0.0,0.0,0.0,0.0,0.0,0.0,0.0,0.0,0.0,0.0,0.0,0.0,0.0,0.0,0.0,0.0
5,703,26.75192984601017,26.762328767916188,False,-23.16483497619629,-0.4043026268482208,-95.42857360839844,-1.6655428409576416,89.18681335449219,1.5566035509109497,80.57142639160156,1.4062366485595703,92.3956069946289,1.6126075983047485,0.6868131868131868,0.006868131868131868,-0.4042329788208008,-1.662375569343567,1.5184556245803833,1.4037835597991943,1.5980530977249146,0.003649696707725525,-23.160842895507812,-0.4042329660637483,-95.24710083007812,-1.6623755124638875,87.00109100341797,1.5184554908368608,80.43087005615234,1.403783502723575,91.56169128417969,1.5980529816035305,0.3649696707725525,0.003649696707725525,False,False,0.0,0.0,0.0,0.0,0.0,0.0,0.0,0.0,0.0,0.0,0.0,0.0,0.0,0.0,0.0,0.0
5,704,26.78532709600404,26.795762069988996,False,-23.16483497619629,-0.4043026268482208,-95.69230651855469,-1.6701457500457764,89.0988998413086,1.5550692081451416,80.57142639160156,1.4062366485595703,92.3956069946289,1.6126075983047485,0.6868131868131868,0.006868131868131868,-0.41607314348220825,-1.5214170217514038,1.3710341453552246,1.411865472793579,1.6076445579528809,0.0032421648502349854,-23.8392333984375,-0.4160731139541316,-91.69230651855469,-1.6003326474966384,85.0988998413086,1.485255992055715,80.89392852783203,1.4118653976836384,92.11124420166016,1.6076444894275055,0.32421648502349854,0.0032421648502349854,False,False,0.0,0.0,0.0,0.0,0.0,4.521537780761719,4.521537780761719,0.0,6.54443359375,6.54443359375,0.0,0.0,0.0,0.0,0.0,0.0
5,705,26.818762867944315,26.82921544299461,False,-23.16483497619629,-0.4043026268482208,-95.78022003173828,-1.671680212020874,89.0988998413086,1.5550692081451416,80.57142639160156,1.4062366485595703,92.3956069946289,1.6126075983047485,0.6868131868131868,0.006868131868131868,-0.41327428817749023,-1.6016600131988525,1.4168331623077393,1.4070777893066406,1.5982215404510498,0.0021167397499084473,-23.678871154785156,-0.4132742648065128,-91.78022003173828,-1.6018670277586875,85.0988998413086,1.485255992055715,80.61961364746094,1.4070776998339485,91.57134246826172,1.5982214265424781,0.21167397499084473,0.0021167397499084473,False,False,0.0,0.0,0.0,0.0,0.0,0.01186370849609375,0.01186370849609375,0.0,3.9203414916992188,3.9203414916992188,0.0,0.0,0.0,0.0,0.0,0.0
5,706,26.852314748917706,26.86294850090053,False,-23.16483497619629,-0.4043026268482208,-95.16483306884766,-1.6609396934509277,89.0988998413086,1.5550692081451416,80.57142639160156,1.4062366485595703,92.3956069946289,1.6126075983047485,0.6868131868131868,0.006868131868131868,-0.4209437370300293,-1.4291630983352661,1.2697339057922363,1.4144331216812134,1.6138657331466675,0.001191660761833191,-24.118297576904297,-0.4209437026927503,-91.16483306884766,-1.591126499082398,85.0988998413086,1.485255992055715,81.04104614257812,1.4144330844486384,92.46768951416016,1.6138656337339305,0.11916607618331909,0.001191660761833191,False,False,0.0,0.0,0.0,0.0,0.0,9.279823303222656,9.279823303222656,0.0,12.3485107421875,12.3485107421875,0.0,0.0,0.0,0.0,0.0,0.0
5,707,26.885788219980896,26.89639960497152,False,-23.16483497619629,-0.4043026268482208,-93.84615325927734,-1.637924313545227,88.74725341796875,1.5489317178726196,80.57142639160156,1.4062366485595703,92.3956069946289,1.6126075983047485,0.6868131868131868,0.006868131868131868,-0.42626631259918213,-1.4110091924667358,1.2767690420150757,1.4090913534164429,1.6052554845809937,0.0030136629939079285,-24.423259735107422,-0.4262662964473826,-89.84615325927734,-1.5681111946258242,84.74725341796875,1.4791186041655728,80.7349853515625,1.4090913159341574,91.97435760498047,1.6052553676135954,0.30136629939079285,0.0030136629939079285,False,False,0.0,0.0,0.0,0.0,0.0,9.001289367675781,9.001289367675781,0.0,11.593780517578125,11.593780517578125,0.0,0.0,0.0,0.0,0.0,0.0
5,708,26.919396106968634,26.930452552973293,False,-23.516483306884766,-0.410440057516098,-92.87911987304688,-1.6210464239120483,88.57142639160156,1.5458630323410034,80.57142639160156,1.4062366485595703,92.3956069946289,1.6126075983047485,0.6868131868131868,0.006868131868131868,-0.4150547385215759,-1.386942982673645,1.257188320159912,1.409633755683899,1.6096842288970947,0.0028911978006362915,-23.7808837890625,-0.4150547211532853,-88.87911987304688,-1.5512332780593925,84.57142639160156,1.4760498436414746,80.76605987548828,1.409633668690152,92.22811126708984,1.609684204506397,0.28911978006362915,0.0028911978006362915,False,False,0.0,0.0,0.0,0.0,0.0,9.41314697265625,9.41314697265625,0.0,12.539848327636719,12.539848327636719,0.0,0.0,0.0,0.0,0.0,0.0
5,709,26.952865207917057,26.963230415945873,False,-23.956043243408203,-0.4181118309497833,-91.73626708984375,-1.6010998487472534,88.57142639160156,1.5458630323410034,80.57142639160156,1.4062366485595703,92.3956069946289,1.6126075983047485,0.6868131868131868,0.006868131868131868,-0.416695773601532,-1.579980492591858,1.4219835996627808,1.4071215391159058,1.6036523580551147,0.003698013722896576,-23.874908447265625,-0.41669576101699213,-90.52620697021484,-1.5799803709720894,84.57142639160156,1.4760498436414746,80.62212371826172,1.4071215088338802,91.88250732421875,1.603652277795422,0.3698013722896576,0.003698013722896576,False,False,0.0,0.0,0.0,0.0,0.0,0.0,0.0,0.0,3.0977706909179688,3.0977706909179688,0.0,0.0,0.0,0.0,0.0,0.0
5,710,26.98585885600187,26.996246669907123,False,-24.21977996826172,-0.42271488904953003,-91.12088012695312,-1.5903593301773071,88.48351287841797,1.5443285703659058,80.57142639160156,1.4062366485595703,92.3956069946289,1.6126075983047485,0.6868131868131868,0.006868131868131868,-0.412312388420105,-1.4784231185913086,1.340078353881836,1.4073652029037476,1.6042896509170532,0.0032307058572769165,-23.62375831604004,-0.41231236431028984,-87.12088012695312,-1.5205462054506276,84.48351287841797,1.4745154633794253,80.6360855102539,1.4073651880736224,91.91902160644531,1.604289572244278,0.32307058572769165,0.0032307058572769165,False,False,0.0,0.0,0.0,0.0,0.0,2.413482666015625,2.413482666015625,0.0,7.7026824951171875,7.7026824951171875,0.0,0.0,0.0,0.0,0.0,0.0
5,711,27.019541001995094,27.030030111898668,False,-24.21977996826172,-0.42271488904953003,-90.32967376708984,-1.5765502452850342,88.48351287841797,1.5443285703659058,80.57142639160156,1.4062366485595703,92.3956069946289,1.6126075983047485,0.6868131868131868,0.006868131868131868,-0.4271252751350403,-1.4383740425109863,1.2822306156158447,1.4150030612945557,1.6100497245788574,0.0031781047582626343,-24.472475051879883,-0.42712526576747406,-86.32967376708984,-1.5067370494082941,84.48351287841797,1.4745154633794253,81.07369995117188,1.4150030009219152,92.2490463256836,1.610049590207956,0.3178104758262634,0.0031781047582626343,False,False,0.0,0.0,0.0,0.0,0.0,3.9169158935546875,3.9169158935546875,0.0,11.017112731933594,11.017112731933594,0.0,0.0,0.0,0.0,0.0,0.0
5,712,27.052924542920664,27.063877899898216,False,-24.043956756591797,-0.4196462035179138,-90.4175796508789,-1.5780844688415527,88.48351287841797,1.5443285703659058,80.57142639160156,1.4062366485595703,92.3956069946289,1.6126075983047485,0.6868131868131868,0.006868131868131868,-0.42836910486221313,-1.4866787195205688,1.3191099166870117,1.408263921737671,1.608874797821045,0.004668332636356354,-24.54374122619629,-0.4283690951545956,-86.4175796508789,-1.5082712965122889,84.48351287841797,1.4745154633794253,80.68757629394531,1.4082638717834697,92.18173217773438,1.6088747366930676,0.4668332636356354,0.004668332636356354,False,False,0.0,0.0,0.0,0.0,0.0,1.2371673583984375,1.2371673583984375,0.0,8.904083251953125,8.904083251953125,0.0,0.0,0.0,0.0,0.0,0.0
5,713,27.08644798595924,27.09691965894308,False,-23.868131637573242,-0.4165774881839752,-90.32967376708984,-1.5765502452850342,88.48351287841797,1.5443285703659058,80.57142639160156,1.4062366485595703,92.3956069946289,1.6126075983047485,0.6868131868131868,0.006868131868131868,-0.4337517023086548,-1.510456919670105,1.3365315198898315,1.408623218536377,1.6086549758911133,0.004323899745941162,-24.852140426635742,-0.43375167661278197,-86.54280090332031,-1.5104568196608623,84.48351287841797,1.4745154633794253,80.70816040039062,1.4086231322145213,92.16913604736328,1.6086548927450814,0.4323899745941162,0.004323899745941162,False,False,0.0,0.0,0.0,0.0,0.0,0.0,0.0,0.0,7.9058990478515625,7.9058990478515625,0.0,0.0,0.0,0.0,0.0,0.0
5,714,27.119768775999546,27.13078604300972,False,-24.21977996826172,-0.42271488904953003,-88.74725341796875,-1.5489317178726196,88.3956069946289,1.5427943468093872,80.57142639160156,1.4062366485595703,92.3956069946289,1.6126075983047485,0.6868131868131868,0.006868131868131868,-0.4084060788154602,-1.62612783908844,1.4623523950576782,1.4023051261901855,1.5997939109802246,0.006144635379314423,-23.399944305419922,-0.40840607291287523,-92.74725341796875,-1.6187449443251192,84.3956069946289,1.4729812162754308,80.34616088867188,1.4023050488444173,91.66143035888672,1.5997937568500609,0.6144635379314423,0.006144635379314423,False,False,0.0,0.0,0.0,0.0,0.0,0.423004150390625,0.423004150390625,0.0,0.6089935302734375,0.6089935302734375,0.0,0.0,0.0,0.0,0.0,0.0
5,715,27.153949940926395,27.16484819399193,False,-24.83516502380371,-0.4334554076194763,-87.16483306884766,-1.5213133096694946,88.3956069946289,1.5427943468093872,80.57142639160156,1.4062366485595703,92.3956069946289,1.6126075983047485,0.6868131868131868,0.006868131868131868,-0.42622673511505127,-1.5414108037948608,1.4014109373092651,1.4042803049087524,1.5990523099899292,0.004433676600456238,-24.420991897583008,-0.42622671521568134,-88.31632995605469,-1.5414107410108533,84.3956069946289,1.4729812162754308,80.4593276977539,1.4042801822668747,91.61894226074219,1.5990521996445284,0.4433676600456238,0.004433676600456238,False,False,0.0,0.0,0.0,0.0,0.0,0.0,0.0,0.0,4.100677490234375,4.100677490234375,0.0,0.0,0.0,0.0,0.0,0.0
5,716,27.186862292932346,27.198398812906817,False,-24.659339904785156,-0.43038666248321533,-87.51648712158203,-1.5274507999420166,88.30769348144531,1.541260004043579,80.57142639160156,1.4062366485595703,92.74725341796875,1.618744969367981,0.6868131868131868,0.006868131868131868,-0.417424738407135,-1.621944785118103,1.4509271383285522,1.4058424234390259,1.6037591695785522,0.00420273095369339,-23.91667366027832,-0.41742470149686045,-91.51648712158203,-1.5972640201305945,84.30769348144531,1.4714468360133817,80.54883575439453,1.4058423925623151,91.88862609863281,1.6037590705551343,0.420273095369339,0.00420273095369339,False,False,0.0,0.0,0.0,0.0,0.0,1.4141006469726562,1.4141006469726562,0.0,1.1756973266601562,1.1756973266601562,0.0,0.0,0.0,0.0,0.0,0.0
5,717,27.220296142972074,27.23087912797928,False,-23.868131637573242,-0.4165774881839752,-88.65933990478516,-1.5473973751068115,88.13186645507812,1.5381911993026733,80.57142639160156,1.4062366485595703,92.3956069946289,1.6126075983047485,0.6868131868131868,0.006868131868131868,-0.4222094416618347,-1.612475037574768,1.4536467790603638,1.4065324068069458,1.603500485420227,0.003965802490711212,-24.19081687927246,-0.4222094032903241,-92.38800811767578,-1.6124749310126911,84.13186645507812,1.4683780754892832,80.58836364746094,1.4065322844427002,91.8738021850586,1.6035003444552332,0.3965802490711212,0.003965802490711212,False,False,0.0,0.0,0.0,0.0,0.0,0.0,0.0,0.0,0.8440475463867188,0.8440475463867188,0.0,0.0,0.0,0.0,0.0,0.0
5,718,27.254567354917526,27.265042918967083,False,-23.868131637573242,-0.4165774881839752,-89.62637329101562,-1.5642752647399902,87.95604705810547,1.5351226329803467,80.57142639160156,1.4062366485595703,92.30769348144531,1.6110731363296509,0.6868131868131868,0.006868131868131868,-0.4151148796081543,-1.6196033954620361,1.4448442459106445,1.4043653011322021,1.6038556098937988,0.004095688462257385,-23.78432846069336,-0.41511484201489385,-92.79643249511719,-1.6196032811444518,83.95604705810547,1.4653094481232396,80.46420288085938,1.4043652702637026,91.89414978027344,1.6038554769865951,0.4095688462257385,0.004095688462257385,False,False,0.0,0.0,0.0,0.0,0.0,0.0,0.0,0.0,1.172576904296875,1.172576904296875,0.0,0.0,0.0,0.0,0.0,0.0
5,719,27.287667657947168,27.298040058929473,False,-24.483516693115234,-0.4273179769515991,-90.4175796508789,-1.5780844688415527,87.78022003173828,1.532053828239441,80.57142639160156,1.4062366485595703,92.74725341796875,1.618744969367981,0.6868131868131868,0.006868131868131868,-0.4047476649284363,-1.6402387619018555,1.4731169939041138,1.4018282890319824,1.594334602355957,0.003931492567062378,-23.190332412719727,-0.40474765523391976,-93.97875213623047,-1.6402386516928762,84.40338134765625,1.4731169043329704,80.31884002685547,1.4018282098512387,91.34864044189453,1.5943345429315074,0.3931492567062378,0.003931492567062378,False,False,0.0,0.0,0.0,0.0,0.0,0.0,0.0,0.0,0.0,0.0,0.0,0.0,0.0,0.0,0.0,0.0
5,720,27.321557082934305,27.485650766990148,False,-24.21977996826172,-0.42271488904953003,-91.20879364013672,-1.5918937921524048,87.69230651855469,1.5305194854736328,80.57142639160156,1.4062366485595703,92.74725341796875,1.618744969367981,0.6868131868131868,0.006868131868131868,-0.4134328365325928,-1.6686025857925415,1.5395047664642334,1.3998173475265503,1.6179084777832031,0.004855595529079437,-23.687955856323242,-0.41343282275991344,-95.20879364013672,-1.661706925872223,88.20712280273438,1.5395047166186835,80.20362091064453,1.39981725691212,92.69932556152344,1.6179084454267254,0.4855595529079437,0.004855595529079437,False,False,0.0,0.0,0.0,0.0,0.0,0.39508819580078125,0.39508819580078125,0.0,0.0,0.0,0.0,0.0,0.0,0.0,0.0,0.0
5,721,27.487126972991973,27.497533014975488,False,-23.516483306884766,-0.410440057516098,-93.4065933227539,-1.6302525997161865,87.6043930053711,1.5289851427078247,80.57142639160156,1.4062366485595703,92.3956069946289,1.6126075983047485,0.6868131868131868,0.006868131868131868,-0.41588592529296875,-1.6731363534927368,1.5573724508285522,1.3953464031219482,1.6154704093933105,0.003471970558166504,-23.828506469726562,-0.415885893729499,-95.8636474609375,-1.6731362811644614,89.23086547851562,1.5573723970042432,79.94745635986328,1.3953463420740948,92.55963134765625,1.6154703214487578,0.3471970558166504,0.003471970558166504,False,False,0.0,0.0,0.0,0.0,0.0,0.0,0.0,0.0,0.0,0.0,0.0,0.0,0.0,0.0,0.0,0.0
5,722,27.520633067004383,27.531522069941275,False,-23.16483497619629,-0.4043026268482208,-93.23076629638672,-1.6271837949752808,87.6043930053711,1.5289851427078247,80.57142639160156,1.4062366485595703,91.86813354492188,1.6034014225006104,0.6868131868131868,0.006868131868131868,-0.4164630174636841,-1.696267008781433,1.5677911043167114,1.398932933807373,1.6110191345214844,0.004608452320098877,-23.861572265625,-0.4164630007377192,-97.18893432617188,-1.6962669004962359,89.82781219482422,1.5677910826627968,80.15294647216797,1.3989328211141046,92.3045883178711,1.6110189808447448,0.4608452320098877,0.004608452320098877,False,False,0.0,0.0,0.0,0.0,0.0,0.0,0.0,0.0,0.0,0.0,0.0,0.0,0.0,0.0,0.0,0.0
5,723,27.554230093955994,27.564675675937906,False,-23.340660095214844,-0.4073713719844818,-93.84615325927734,-1.637924313545227,87.78022003173828,1.532053828239441,80.57142639160156,1.4062366485595703,92.04395294189453,1.606469988822937,0.6868131868131868,0.006868131868131868,-0.41552406549453735,-1.6831785440444946,1.5361566543579102,1.3995616436004639,1.6214520931243896,0.00425325334072113,-23.80777359008789,-0.4155240367163845,-96.43901824951172,-1.6831783958448778,88.01528930664062,1.536156590496236,80.18897247314453,1.3995615934474723,92.90235900878906,1.6214520475731848,0.42532533407211304,0.00425325334072113,False,False,0.0,0.0,0.0,0.0,0.0,0.0,0.0,0.0,0.0,0.0,0.0,0.0,0.0,0.0,0.0,0.0
5,724,27.587252742960118,27.597473512985744,False,-24.131868362426758,-0.4211805462837219,-95.07691955566406,-1.65940523147583,88.83516693115234,1.5504661798477173,80.57142639160156,1.4062366485595703,92.13186645507812,1.6080044507980347,0.6868131868131868,0.006868131868131868,-0.419227659702301,-1.6521391868591309,1.521185040473938,1.399234652519226,1.6165401935577393,0.0043597593903541565,-24.019973754882812,-0.41922762826533044,-94.66059875488281,-1.6521391201819497,87.15747833251953,1.521184964638083,80.17023468017578,1.3992345572656106,92.62092590332031,1.6165401132586426,0.43597593903541565,0.0043597593903541565,False,False,0.0,0.0,0.0,0.0,0.0,0.0,0.0,0.0,0.0,0.0,0.0,0.0,0.0,0.0,0.0,0.0
5,725,27.620803177938797,27.631033263984136,False,-24.131868362426758,-0.4211805462837219,-95.69230651855469,-1.6701457500457764,89.71428680419922,1.565809726715088,80.57142639160156,1.4062366485595703,92.57142639160156,1.6156761646270752,0.6868131868131868,0.006868131868131868,-0.4201573133468628,-1.6329796314239502,1.5067059993743896,1.4005262851715088,1.614076018333435,0.0019945502281188965,-24.073240280151367,-0.4201573045123635,-93.56283569335938,-1.6329795403515928,86.32788848876953,1.5067058904235402,80.2442398071289,1.400526190394299,92.479736328125,1.6140758903019923,0.19945502281188965,0.0019945502281188965,False,False,0.0,0.0,0.0,0.0,0.0,0.0,0.0,0.0,0.0,0.0,0.0,0.0,0.0,0.0,0.0,0.0
5,726,27.654265157994814,27.666738205007277,False,-23.69230842590332,-0.4135087728500366,-95.25274658203125,-1.6624740362167358,89.71428680419922,1.565809726715088,80.57142639160156,1.4062366485595703,92.13186645507812,1.6080044507980347,0.6868131868131868,0.006868131868131868,-0.4098677635192871,-1.6769605875015259,1.537250280380249,1.39737868309021,1.6160964965820312,0.004649177193641663,-23.483692169189453,-0.4098677488771652,-96.08275604248047,-1.6769604473317608,88.07794952392578,1.537250217597877,80.06389617919922,1.3973786003019344,92.59550476074219,1.6160964306210355,0.46491771936416626,0.004649177193641663,False,False,0.0,0.0,0.0,0.0,0.0,0.0,0.0,0.0,0.0,0.0,0.0,0.0,0.0,0.0,0.0,0.0
5,727,27.68764364195522,27.69842270691879,False,-23.516483306884766,-0.410440057516098,-95.16483306884766,-1.6609396934509277,89.45054626464844,1.561206579208374,80.57142639160156,1.4062366485595703,92.13186645507812,1.6080044507980347,0.6868131868131868,0.006868131868131868,-0.4222422242164612,-1.6261521577835083,1.49309241771698,1.4009130001068115,1.6133407354354858,0.004591822624206543,-24.19269561767578,-0.42224219346124564,-93.1716537475586,-1.626152127423011,85.54788970947266,1.493092343563273,80.26639556884766,1.4009128813845784,92.43760681152344,1.6133405915250214,0.4591822624206543,0.004591822624206543,False,False,0.0,0.0,0.0,0.0,0.0,0.0,0.0,0.0,0.0,0.0,0.0,0.0,0.0,0.0,0.0,0.0
5,728,27.720856460975483,27.731471213977784,False,-23.78022003173828,-0.4150431454181671,-94.81318664550781,-1.6548023223876953,89.45054626464844,1.561206579208374,80.57142639160156,1.4062366485595703,92.13186645507812,1.6080044507980347,0.6868131868131868,0.006868131868131868,-0.4149021506309509,-1.6619961261749268,1.5227078199386597,1.4022530317306519,1.6125530004501343,0.004268325865268707,-23.772140502929688,-0.4149021220228238,-95.22535705566406,-1.661996012008551,87.2447280883789,1.5227077601493904,80.34317779541016,1.4022529840451063,92.3924789428711,1.6125529616326304,0.4268325865268707,0.004268325865268707,False,False,0.0,0.0,0.0,0.0,0.0,0.0,0.0,0.0,0.0,0.0,0.0,0.0,0.0,0.0,0.0,0.0
5,729,27.754247651901096,27.764638527994975,False,-24.043956756591797,-0.4196462035179138,-94.9011001586914,-1.6563366651535034,89.45054626464844,1.561206579208374,80.57142639160156,1.4062366485595703,92.13186645507812,1.6080044507980347,0.6868131868131868,0.006868131868131868,-0.40758997201919556,-1.668821096420288,1.5304765701293945,1.4006905555725098,1.6048880815505981,0.004526257514953613,-23.35318374633789,-0.40758994719682046,-95.61640167236328,-1.6688210280921516,87.6898422241211,1.5304764673652604,80.25365447998047,1.400690507433557,91.95330810546875,1.604887984541219,0.45262575149536133,0.004526257514953613,False,False,0.0,0.0,0.0,0.0,0.0,0.0,0.0,0.0,0.0,0.0,0.0,0.0,0.0,0.0,0.0,0.0
5,730,27.787614662898704,27.797807749011554,False,-24.131868362426758,-0.4211805462837219,-95.07691955566406,-1.65940523147583,89.45054626464844,1.561206579208374,80.57142639160156,1.4062366485595703,92.13186645507812,1.6080044507980347,0.6868131868131868,0.006868131868131868,-0.4117354154586792,-1.577494502067566,1.4025242328643799,1.4080617427825928,1.6200430393218994,0.0022309869527816772,-23.590700149536133,-0.4117353904601242,-91.07691955566406,-1.5895921188203488,85.45054626464844,1.4913933799458572,80.67598724365234,1.4080616046986782,92.82162475585938,1.6200429690404239,0.22309869527816772,0.0022309869527816772,False,False,0.0,0.0,0.0,0.0,0.0,0.693145751953125,0.693145751953125,0.0,5.091835021972656,5.091835021972656,0.0,0.0,0.0,0.0,0.0,0.0
5,731,27.82157216896303,27.833465850912035,False,-23.956043243408203,-0.4181118309497833,-95.07691955566406,-1.65940523147583,89.45054626464844,1.561206579208374,80.57142639160156,1.4062366485595703,92.13186645507812,1.6080044507980347,0.6868131868131868,0.006868131868131868,-0.41321861743927,-1.596102237701416,1.4421279430389404,1.4004415273666382,1.6107264757156372,0.0026367083191871643,-23.675682067871094,-0.41321860473973016,-91.44992065429688,-1.5961022161050475,85.45054626464844,1.4913933799458572,80.23938751220703,1.4004415018716345,92.28782653808594,1.6107264325989996,0.26367083191871643,0.0026367083191871643,False,False,0.0,0.0,0.0,0.0,0.0,0.0,0.0,0.0,2.8227081298828125,2.8227081298828125,0.0,0.0,0.0,0.0,0.0,0.0
5,732,27.854734569904394,27.86765024799388,False,-23.604394912719727,-0.41197440028190613,-94.9011001586914,-1.6563366651535034,89.45054626464844,1.561206579208374,80.57142639160156,1.4062366485595703,92.13186645507812,1.6080044507980347,0.6868131868131868,0.006868131868131868,-0.4201590418815613,-1.5577619075775146,1.3819741010665894,1.3986945152282715,1.6124769449234009,0.004355132579803467,-24.07333755493164,-0.4201590022775584,-90.9011001586914,-1.586523491454305,85.45054626464844,1.4913933799458572,80.13928985595703,1.3986944681965425,92.38811492919922,1.6124767952254542,0.4355132579803467,0.004355132579803467,False,False,0.0,0.0,0.0,0.0,0.0,1.647918701171875,1.647918701171875,0.0,6.269264221191406,6.269264221191406,0.0,0.0,0.0,0.0,0.0,0.0
5,733,27.888251198921353,27.899498601909727,False,-23.428571701049805,-0.4089057147502899,-94.37362670898438,-1.6471304893493652,89.18681335449219,1.5566035509109497,80.57142639160156,1.4062366485595703,92.13186645507812,1.6080044507980347,0.6868131868131868,0.006868131868131868,-0.4256138205528259,-1.509229302406311,1.3368500471115112,1.4013798236846924,1.6081407070159912,0.003802940249443054,-24.385873794555664,-0.4256137886907996,-90.37362670898438,-1.5773173430400647,85.18681335449219,1.4867903723177642,80.29314422607422,1.4013797335236693,92.1396713256836,1.6081406363385873,0.3802940249443054,0.003802940249443054,False,False,0.0,0.0,0.0,0.0,0.0,3.9011611938476562,3.9011611938476562,0.0,8.590950012207031,8.590950012207031,0.0,0.0,0.0,0.0,0.0,0.0
5,734,27.921554514905438,27.93227718991693,False,-23.516483306884766,-0.410440057516098,-92.96703338623047,-1.6225807666778564,88.92308044433594,1.5520005226135254,80.57142639160156,1.4062366485595703,92.13186645507812,1.6080044507980347,0.6868131868131868,0.006868131868131868,-0.4136863946914673,-1.535907506942749,1.3588321208953857,1.3994933366775513,1.6020667552947998,0.004521124064922333,-23.702482223510742,-0.41368635569568896,-88.96703338623047,-1.5527676583214416,84.92308044433594,1.4821873646896713,80.18505859375,1.3994932833655118,91.79165649414062,1.602066631682389,0.4521124064922333,0.004521124064922333,False,False,0.0,0.0,0.0,0.0,0.0,0.9660186767578125,0.9660186767578125,0.0,7.067741394042969,7.067741394042969,0.0,0.0,0.0,0.0,0.0,0.0
5,735,27.955129996989854,27.965457660960965,False,-24.043956756591797,-0.4196462035179138,-91.82417297363281,-1.6026341915130615,88.92308044433594,1.5520005226135254,80.57142639160156,1.4062366485595703,92.13186645507812,1.6080044507980347,0.6868131868131868,0.006868131868131868,-0.40374189615249634,-1.6255013942718506,1.4430272579193115,1.4007234573364258,1.6062573194503784,0.0065635815262794495,-23.132705688476562,-0.4037418791587377,-93.13436126708984,-1.6255012508525957,84.92308044433594,1.4821873646896713,80.25553894042969,1.4007233974730193,92.0317611694336,1.6062572488156832,0.656358152627945,0.0065635815262794495,False,False,0.0,0.0,0.0,0.0,0.0,0.0,0.0,0.0,2.24371337890625,2.24371337890625,0.0,0.0,0.0,0.0,0.0,0.0
5,736,27.988378972979262,27.999076907988638,False,-24.30769157409668,-0.4242492616176605,-90.85713958740234,-1.5857561826705933,88.83516693115234,1.5504661798477173,80.57142639160156,1.4062366485595703,92.13186645507812,1.6080044507980347,0.6868131868131868,0.006868131868131868,-0.4148779511451721,-1.6150778532028198,1.4397417306900024,1.4018584489822388,1.6050148010253906,0.004526488482952118,-23.770753860473633,-0.41487792054641764,-92.53713989257812,-1.61507777150408,84.83516693115234,1.480652984427622,80.32057189941406,1.4018584367296112,91.9605712890625,1.6050147510091066,0.4526488482952118,0.004526488482952118,False,False,0.0,0.0,0.0,0.0,0.0,0.0,0.0,0.0,2.3440475463867188,2.3440475463867188,0.0,0.0,0.0,0.0,0.0,0.0
5,737,28.02183428395074,28.033058253931813,False,-23.78022003173828,-0.4150431454181671,-90.4175796508789,-1.5780844688415527,88.83516693115234,1.5504661798477173,80.57142639160156,1.4062366485595703,92.57142639160156,1.6156761646270752,0.6868131868131868,0.006868131868131868,-0.40565985441207886,-1.654468059539795,1.4983793497085571,1.3969026803970337,1.6035921573638916,0.0057850852608680725,-23.242595672607422,-0.4056598211967855,-94.4175796508789,-1.6478976366718352,85.8508071899414,1.4983792509592984,80.03662109375,1.3969025602570826,91.87905883789062,1.6035920903547864,0.5785085260868073,0.0057850852608680725,False,False,0.0,0.0,0.0,0.0,0.0,0.3764495849609375,0.3764495849609375,0.0,0.0,0.0,0.0,0.0,0.0,0.0,0.0,0.0
5,738,28.05517444491852,28.065507155959494,False,-23.25274658203125,-0.4058369994163513,-90.5934066772461,-1.5811532735824585,88.83516693115234,1.5504661798477173,80.57142639160156,1.4062366485595703,92.13186645507812,1.6080044507980347,0.6868131868131868,0.006868131868131868,-0.40785205364227295,-1.6609914302825928,1.5147082805633545,1.3976846933364868,1.6098761558532715,0.005975477397441864,-23.368200302124023,-0.40785203553759786,-94.5934066772461,-1.6509663971959334,86.78638458251953,1.5147081568670102,80.08142852783203,1.3976845975111845,92.23910522460938,1.6098760852629372,0.5975477397441864,0.005975477397441864,False,False,0.0,0.0,0.0,0.0,0.0,0.5743865966796875,0.5743865966796875,0.0,0.0,0.0,0.0,0.0,0.0,0.0,0.0,0.0
5,739,28.08918735291809,28.099278420908377,False,-23.340660095214844,-0.4073713719844818,-92.0879135131836,-1.6072373390197754,88.83516693115234,1.5504661798477173,80.57142639160156,1.4062366485595703,92.13186645507812,1.6080044507980347,0.6868131868131868,0.006868131868131868,-0.40841811895370483,-1.6450270414352417,1.5095181465148926,1.394540786743164,1.6066715717315674,0.003741234540939331,-23.400632858276367,-0.4084180904272942,-94.25310516357422,-1.6450270153328388,86.489013671875,1.5095180553766094,79.90129852294922,1.3945407358443458,92.05549621582031,1.606671503523245,0.3741234540939331,0.003741234540939331,False,False,0.0,0.0,0.0,0.0,0.0,0.0,0.0,0.0,0.0,0.0,0.0,0.0,0.0,0.0,0.0,0.0
5,740,28.123203952913173,28.135557238012552,False,-23.78022003173828,-0.4150431454181671,-93.84615325927734,-1.637924313545227,88.83516693115234,1.5504661798477173,80.57142639160156,1.4062366485595703,92.13186645507812,1.6080044507980347,0.6868131868131868,0.006868131868131868,-0.42377740144729614,-1.5975890159606934,1.442824363708496,1.4001257419586182,1.6108877658843994,0.004483409225940704,-24.280654907226562,-0.42377737267162185,-91.53510284423828,-1.5975889257835842,84.83516693115234,1.480652984427622,80.2212905883789,1.400125650966351,92.29706573486328,1.610887687003004,0.44834092259407043,0.004483409225940704,False,False,0.0,0.0,0.0,0.0,0.0,0.0,0.0,0.0,2.1674270629882812,2.1674270629882812,0.0,0.0,0.0,0.0,0.0,0.0
5,741,28.158559579984285,28.172508782008663,False,-23.868131637573242,-0.4165774881839752,-93.75823974609375,-1.636389970779419,88.83516693115234,1.5504661798477173,80.57142639160156,1.4062366485595703,92.30769348144531,1.6110731363296509,0.6868131868131868,0.006868131868131868,-0.40817660093307495,-1.6424946784973145,1.4821646213531494,1.3956880569458008,1.613092064857483,0.00452587753534317,-23.386795043945312,-0.4081765750059377,-94.1080093383789,-1.6424946154522824,84.9217758178711,1.482164594662351,79.96703338623047,1.395688025641952,92.4233627319336,1.6130919854372625,0.452587753534317,0.00452587753534317,False,False,0.0,0.0,0.0,0.0,0.0,0.0,0.0,0.0,0.0,0.0,0.0,0.0,0.0,0.0,0.0,0.0
5,742,28.18967644299846,28.200629692990333,False,-23.78022003173828,-0.4150431454181671,-93.5824203491211,-1.6333212852478027,88.83516693115234,1.5504661798477173,80.57142639160156,1.4062366485595703,92.13186645507812,1.6080044507980347,0.6868131868131868,0.006868131868131868,-0.413219690322876,-1.6208754777908325,1.4861557483673096,1.3945062160491943,1.6015974283218384,0.003858998417854309,-23.675743103027344,-0.4132196700041662,-92.86931610107422,-1.620875340039128,85.15044403076172,1.4861556078719438,79.8993148803711,1.394506114750175,91.7647705078125,1.601597382698317,0.3858998417854309,0.003858998417854309,False,False,0.0,0.0,0.0,0.0,0.0,0.0,0.0,0.0,0.0,0.0,0.0,0.0,0.0,0.0,0.0,0.0
5,743,28.222863261937164,28.233063061954454,False,-23.604394912719727,-0.41197440028190613,-92.61538696289062,-1.616443395614624,88.65933990478516,1.5473973751068115,80.57142639160156,1.4062366485595703,92.13186645507812,1.6080044507980347,0.6868131868131868,0.006868131868131868,-0.420046865940094,-1.6234179735183716,1.488446831703186,1.3985573053359985,1.607999563217163,0.0033356472849845886,-24.066911697387695,-0.4200468499061525,-93.0149917602539,-1.6234178599318267,85.2817153930664,1.488446725357739,80.13142395019531,1.3985571822423488,92.13158416748047,1.6079994888008131,0.33356472849845886,0.0033356472849845886,False,False,0.0,0.0,0.0,0.0,0.0,0.0,0.0,0.0,0.0,0.0,0.0,0.0,0.0,0.0,0.0,0.0
5,744,28.256904540932737,28.26747872598935,False,-23.516483306884766,-0.410440057516098,-92.43955993652344,-1.6133747100830078,88.57142639160156,1.5458630323410034,80.57142639160156,1.4062366485595703,92.13186645507812,1.6080044507980347,0.6868131868131868,0.006868131868131868,-0.4184805750846863,-1.6192988157272339,1.4817273616790771,1.3987771272659302,1.6078870296478271,0.00397181510925293,-23.977169036865234,-0.418480545000536,-92.77898406982422,-1.6192987486738013,84.89672088623047,1.48172730361136,80.1440200805664,1.398777026190335,92.12513732910156,1.6078869702447571,0.39718151092529297,0.00397181510925293,False,False,0.0,0.0,0.0,0.0,0.0,0.0,0.0,0.0,0.0,0.0,0.0,0.0,0.0,0.0,0.0,0.0
5,745,28.290063538006507,28.300241070915945,False,-23.69230842590332,-0.4135087728500366,-92.61538696289062,-1.616443395614624,88.57142639160156,1.5458630323410034,80.57142639160156,1.4062366485595703,92.13186645507812,1.6080044507980347,0.6868131868131868,0.006868131868131868,-0.41829001903533936,-1.6324350833892822,1.4918066263198853,1.3985381126403809,1.6025633811950684,0.004270516335964203,-23.966251373291016,-0.4182899958245408,-93.5316390991211,-1.632435057066726,85.4742202758789,1.4918065693889828,80.13032531738281,1.3985380074825002,91.82011413574219,1.6025633112256887,0.4270516335964203,0.004270516335964203,False,False,0.0,0.0,0.0,0.0,0.0,0.0,0.0,0.0,0.0,0.0,0.0,0.0,0.0,0.0,0.0,0.0
5,746,28.32350440893788,28.33389993791934,False,-24.043956756591797,-0.4196462035179138,-93.05494689941406,-1.624115228652954,88.57142639160156,1.5458630323410034,80.57142639160156,1.4062366485595703,92.13186645507812,1.6080044507980347,0.6868131868131868,0.006868131868131868,-0.41327786445617676,-1.6577723026275635,1.5036524534225464,1.3951871395111084,1.600314736366272,0.004559502005577087,-23.679075241088867,-0.41327782678447084,-94.98335266113281,-1.6577722385196854,86.1529312133789,1.5036523099176553,79.9383316040039,1.395187085040908,91.69127655029297,1.6003146711592804,0.45595020055770874,0.004559502005577087,False,False,0.0,0.0,0.0,0.0,0.0,0.0,0.0,0.0,0.0,0.0,0.0,0.0,0.0,0.0,0.0,0.0
5,747,28.35697615100071,28.369681690935977,False,-24.131868362426758,-0.4211805462837219,-93.31867980957031,-1.6287182569503784,88.57142639160156,1.5458630323410034,80.57142639160156,1.4062366485595703,92.13186645507812,1.6080044507980347,0.6868131868131868,0.006868131868131868,-0.4224345088005066,-1.6368883848190308,1.489485740661621,1.3963533639907837,1.6036423444747925,0.0030251145362854004,-24.203712463378906,-0.42243447369194936,-93.78678894042969,-1.6368882618835021,85.34123992919922,1.489485624498979,80.0051498413086,1.3963532832822538,91.8819351196289,1.6036422909413344,0.30251145362854004,0.0030251145362854004,False,False,0.0,0.0,0.0,0.0,0.0,0.0,0.0,0.0,0.0,0.0,0.0,0.0,0.0,0.0,0.0,0.0
5,748,28.390451418003067,28.401412133942358,False,-24.131868362426758,-0.4211805462837219,-93.31867980957031,-1.6287182569503784,88.57142639160156,1.5458630323410034,80.57142639160156,1.4062366485595703,92.13186645507812,1.6080044507980347,0.6868131868131868,0.006868131868131868,-0.4188516139984131,-1.6353999376296997,1.4769763946533203,1.395100474357605,1.605591893196106,0.0036789774894714355,-23.998428344726562,-0.4188515899194113,-93.70150756835938,-1.6353998211502567,84.62451171875,1.4769763573847132,79.93336486816406,1.395100399147426,91.99363708496094,1.605591858017327,0.36789774894714355,0.0036789774894714355,False,False,0.0,0.0,0.0,0.0,0.0,0.0,0.0,0.0,0.0,0.0,0.0,0.0,0.0,0.0,0.0,0.0
5,749,28.42436538799666,28.434761552955024,False,-24.043956756591797,-0.4196462035179138,-93.75823974609375,-1.636389970779419,88.57142639160156,1.5458630323410034,80.57142639160156,1.4062366485595703,92.13186645507812,1.6080044507980347,0.6868131868131868,0.006868131868131868,-0.4231877326965332,-1.5926814079284668,1.4205378293991089,1.3980026245117188,1.604826807975769,0.0032698512077331543,-24.246870040893555,-0.42318771551676465,-91.25392150878906,-1.5926813856848407,84.57142639160156,1.4760498436414746,80.09964752197266,1.3980025789453399,91.94979858398438,1.604826731836147,0.32698512077331543,0.0032698512077331543,False,False,0.0,0.0,0.0,0.0,0.0,0.0,0.0,0.0,3.1806106567382812,3.1806106567382812,0.0,0.0,0.0,0.0,0.0,0.0
5,750,28.45766650000587,28.618487475905567,False,-23.868131637573242,-0.4165774881839752,-94.02198028564453,-1.6409931182861328,88.57142639160156,1.5458630323410034,80.57142639160156,1.4062366485595703,92.13186645507812,1.6080044507980347,0.6868131868131868,0.006868131868131868,-0.41440510749816895,-1.6357024908065796,1.4992470741271973,1.409367322921753,1.6032664775848389,0.002319842576980591,-23.743661880493164,-0.4144050762948741,-93.71884155273438,-1.6357023562500899,85.90052795410156,1.4992470420005009,80.75079345703125,1.4093672194230895,91.86039733886719,1.6032663857534697,0.23198425769805908,0.002319842576980591,False,False,0.0,0.0,0.0,0.0,0.0,0.0,0.0,0.0,0.0,0.0,0.0,0.0,0.0,0.0,0.0,0.0
5,751,28.620008097961545,28.630633328924887,False,-24.131868362426758,-0.4211805462837219,-91.73626708984375,-1.6010998487472534,88.48351287841797,1.5443285703659058,80.57142639160156,1.4062366485595703,92.13186645507812,1.6080044507980347,0.6868131868131868,0.006868131868131868,-0.4175769090652466,-1.6209746599197388,1.4740288257598877,1.4113130569458008,1.6063774824142456,-0.0007367506623268127,-23.92539405822754,-0.4175769011531585,-92.875,-1.6209745427897335,84.48351287841797,1.4745154633794253,80.86227416992188,1.4113129249155014,92.03864288330078,1.6063773573808457,0.0,0.0,True,False,0.07367506623268127,0.0,0.0,0.0,0.0,0.0,0.0,0.0,0.02788543701171875,0.02788543701171875,0.0,0.0,0.0,0.0,0.0,0.0
5,752,28.65382200991735,28.664732486009598,False,-24.043956756591797,-0.4196462035179138,-92.17582702636719,-1.6087716817855835,88.48351287841797,1.5443285703659058,80.57142639160156,1.4062366485595703,92.13186645507812,1.6080044507980347,0.6868131868131868,0.006868131868131868,-0.41055113077163696,-1.6557083129882812,1.5274622440338135,1.4029814004898071,1.6029257774353027,0.0016658306121826172,-23.522846221923828,-0.4105511160128796,-94.8650894165039,-1.6557081555168196,87.51713562011719,1.5274621684854544,80.3849105834961,1.402981358603243,91.84087371826172,1.602925634291994,0.16658306121826172,0.0016658306121826172,False,False,0.0,0.0,0.0,0.0,0.0,0.0,0.0,0.0,0.0,0.0,0.0,0.0,0.0,0.0,0.0,0.0
5,753,28.687125156982802,28.70065751997754,False,-23.868131637573242,-0.4165774881839752,-92.17582702636719,-1.6087716817855835,88.48351287841797,1.5443285703659058,80.57142639160156,1.4062366485595703,92.13186645507812,1.6080044507980347,0.6868131868131868,0.006868131868131868,-0.41210055351257324,-1.6630666255950928,1.532076358795166,1.398077130317688,1.6098138093948364,0.00014837831258773804,-23.611621856689453,-0.41210054313508765,-95.28668975830078,-1.6630664696087085,87.78150177001953,1.532076228232071,80.10391235351562,1.3980770142978076,92.23553466796875,1.6098137672934294,0.014837831258773804,0.00014837831258773804,False,False,0.0,0.0,0.0,0.0,0.0,0.0,0.0,0.0,0.0,0.0,0.0,0.0,0.0,0.0,0.0,0.0
5,754,28.720714660012163,28.731721749994904,False,-23.868131637573242,-0.4165774881839752,-92.52747344970703,-1.614909052848816,88.48351287841797,1.5443285703659058,80.57142639160156,1.4062366485595703,92.13186645507812,1.6080044507980347,0.6868131868131868,0.006868131868131868,-0.4095677137374878,-1.6666127443313599,1.5233755111694336,1.3981807231903076,1.6033751964569092,-0.00010531395673751831,-23.46649932861328,-0.4095676772013406,-95.4898681640625,-1.6666126017582035,87.2829818725586,1.5233754146346732,80.10984802246094,1.3981806112642117,91.86662292480469,1.603375042725945,0.0,0.0,True,False,0.010531395673751831,0.0,0.0,0.0,0.0,0.0,0.0,0.0,0.0,0.0,0.0,0.0,0.0,0.0,0.0,0.0
5,755,28.754087550914846,28.76472015690524,False,-23.956043243408203,-0.4181118309497833,-93.93406677246094,-1.6394587755203247,88.74725341796875,1.5489317178726196,80.57142639160156,1.4062366485595703,92.13186645507812,1.6080044507980347,0.6868131868131868,0.006868131868131868,-0.39939987659454346,-1.6818488836288452,1.5286264419555664,1.398177981376648,1.5971895456314087,0.0003733783960342407,-22.883926391601562,-0.3993998613174725,-96.36283874511719,-1.681848812670656,87.5838394165039,1.5286263693559823,80.10969543457031,1.3981779481031216,91.51221466064453,1.5971894516200724,0.03733783960342407,0.0003733783960342407,False,False,0.0,0.0,0.0,0.0,0.0,0.0,0.0,0.0,0.0,0.0,0.0,0.0,0.0,0.0,0.0,0.0
5,756,28.78739820991177,28.798542009899393,False,-23.956043243408203,-0.4181118309497833,-94.54945373535156,-1.650199294090271,88.83516693115234,1.5504661798477173,80.57142639160156,1.4062366485595703,92.13186645507812,1.6080044507980347,0.6868131868131868,0.006868131868131868,-0.40217524766921997,-1.6688811779022217,1.5187476873397827,1.398882269859314,1.6019668579101562,0.00032272934913635254,-23.042943954467773,-0.402175241357985,-95.61984252929688,-1.6688810823747329,87.01782989501953,1.5187476396084425,80.1500473022461,1.398882221053393,91.78593444824219,1.601966763141511,0.032272934913635254,0.00032272934913635254,False,False,0.0,0.0,0.0,0.0,0.0,0.0,0.0,0.0,0.0,0.0,0.0,0.0,0.0,0.0,0.0,0.0
5,757,28.82095191499684,28.832448142929934,False,-24.043956756591797,-0.4196462035179138,-94.63735961914062,-1.6517335176467896,88.83516693115234,1.5504661798477173,80.57142639160156,1.4062366485595703,92.13186645507812,1.6080044507980347,0.6868131868131868,0.006868131868131868,-0.4083225727081299,-1.6433147192001343,1.5143061876296997,1.3999786376953125,1.6057562828063965,0.0001326054334640503,-23.395158767700195,-0.40832254952318764,-94.15499114990234,-1.6433146027519177,86.76335144042969,1.5143061527004629,80.21286010742188,1.3999785113161243,92.0030517578125,1.6057561750565847,0.01326054334640503,0.0001326054334640503,False,False,0.0,0.0,0.0,0.0,0.0,0.0,0.0,0.0,0.0,0.0,0.0,0.0,0.0,0.0,0.0,0.0
5,758,28.854421383934096,28.864689115900546,False,-23.516483306884766,-0.410440057516098,-94.989013671875,-1.6578710079193115,88.92308044433594,1.5520005226135254,80.57142639160156,1.4062366485595703,92.13186645507812,1.6080044507980347,0.6868131868131868,0.006868131868131868,-0.4039456248283386,-1.6736491918563843,1.5137615203857422,1.403853416442871,1.608475685119629,0.0007446184754371643,-23.144378662109375,-0.4039456109821288,-95.89302825927734,-1.6736490728323563,86.73213958740234,1.513761403099487,80.43486785888672,1.403853277544135,92.15886688232422,1.6084756620037193,0.07446184754371643,0.0007446184754371643,False,False,0.0,0.0,0.0,0.0,0.0,0.0,0.0,0.0,0.0,0.0,0.0,0.0,0.0,0.0,0.0,0.0
5,759,28.887736598961055,28.897902545984834,False,-23.25274658203125,-0.4058369994163513,-94.989013671875,-1.6578710079193115,88.92308044433594,1.5520005226135254,80.57142639160156,1.4062366485595703,92.13186645507812,1.6080044507980347,0.6868131868131868,0.006868131868131868,-0.40392231941223145,-1.662074089050293,1.5023329257965088,1.4011073112487793,1.6131904125213623,0.0011533498764038086,-23.143043518066406,-0.4039223083225906,-95.22982788085938,-1.6620740426284903,86.07733154296875,1.5023328467555757,80.27753448486328,1.4011072921441543,92.42900085449219,1.613190389239541,0.11533498764038086,0.0011533498764038086,False,False,0.0,0.0,0.0,0.0,0.0,0.0,0.0,0.0,0.0,0.0,0.0,0.0,0.0,0.0,0.0,0.0
5,760,28.92102851800155,28.931678139953874,False,-23.25274658203125,-0.4058369994163513,-94.81318664550781,-1.6548023223876953,88.92308044433594,1.5520005226135254,80.57142639160156,1.4062366485595703,92.13186645507812,1.6080044507980347,0.6868131868131868,0.006868131868131868,-0.4055303931236267,-1.6052714586257935,1.4153578281402588,1.417264461517334,1.609130620956421,-3.332644701004028e-05,-23.235177993774414,-0.40553035827829403,-91.97527313232422,-1.6052713465801358,84.92308044433594,1.4821873646896713,81.2032699584961,1.417264424161556,92.1963882446289,1.6091305333157697,0.0,0.0,True,False,0.0033326447010040283,0.0,0.0,0.0,0.0,0.0,0.0,0.0,3.8290557861328125,3.8290557861328125,0.0,0.0,0.0,0.0,0.0,0.0
5,761,28.95499498292338,28.965142467990518,False,-23.428571701049805,-0.4089057147502899,-94.9011001586914,-1.6563366651535034,88.92308044433594,1.5520005226135254,80.57142639160156,1.4062366485595703,92.13186645507812,1.6080044507980347,0.6868131868131868,0.006868131868131868,-0.40593546628952026,-1.6339128017425537,1.426864743232727,1.4064708948135376,1.6075104475021362,0.00039484351873397827,-23.25838851928711,-0.4059354583696087,-93.61630249023438,-1.6339127119975565,84.92308044433594,1.4821873646896713,80.5848388671875,1.4064707654215194,92.10356140136719,1.60751039926662,0.03948435187339783,0.00039484351873397827,False,False,0.0,0.0,0.0,0.0,0.0,0.0,0.0,0.0,3.1697540283203125,3.1697540283203125,0.0,0.0,0.0,0.0,0.0,0.0
5,762,28.98836566694081,28.99904743791558,False,-23.428571701049805,-0.4089057147502899,-94.9011001586914,-1.6563366651535034,88.74725341796875,1.5489317178726196,80.65933990478516,1.4077709913253784,92.13186645507812,1.6080044507980347,0.6868131868131868,0.006868131868131868,-0.4071089029312134,-1.6397578716278076,1.4653315544128418,1.4037467241287231,1.597665548324585,0.0004243701696395874,-23.325620651245117,-0.40710888043541127,-93.95120239257812,-1.6397578179580625,84.74725341796875,1.4791186041655728,80.42875671386719,1.4037466179424773,91.53948974609375,1.597665491664924,0.04243701696395874,0.0004243701696395874,False,False,0.0,0.0,0.0,0.0,0.0,0.0,0.0,0.0,0.789947509765625,0.789947509765625,0.0,0.0,0.0,0.0,0.0,0.0
5,763,29.022352935979143,29.03251471091062,False,-23.428571701049805,-0.4089057147502899,-94.28571319580078,-1.6455961465835571,88.57142639160156,1.5458630323410034,80.74725341796875,1.409305453300476,92.13186645507812,1.6080044507980347,0.6868131868131868,0.006868131868131868,-0.408347487449646,-1.6374765634536743,1.4730473756790161,1.3985592126846313,1.6021788120269775,0.001222945749759674,-23.39658546447754,-0.4083474500793799,-93.82048797607422,-1.6374764210102462,84.57142639160156,1.4760498436414746,80.13153839111328,1.3985591796131664,91.79808044433594,1.6021787507642813,0.12229457497596741,0.001222945749759674,False,False,0.0,0.0,0.0,0.0,0.0,0.0,0.0,0.0,0.17203521728515625,0.17203521728515625,0.0,0.0,0.0,0.0,0.0,0.0
5,764,29.05526641092729,29.06860457698349,False,-23.340660095214844,-0.4073713719844818,-94.02198028564453,-1.6409931182861328,88.48351287841797,1.5443285703659058,80.74725341796875,1.409305453300476,92.13186645507812,1.6080044507980347,0.6868131868131868,0.006868131868131868,-0.4234086871147156,-1.5124379396438599,1.2851898670196533,1.417076587677002,1.6119813919067383,0.0004405602812767029,-24.25952911376953,-0.42340865801870037,-90.02198028564453,-1.5711799551499226,84.48351287841797,1.4745154633794253,81.1925048828125,1.4170765381466508,92.35972595214844,1.611981314104645,0.04405602812767029,0.0004405602812767029,False,False,0.0,0.0,0.0,0.0,0.0,3.3656768798828125,3.3656768798828125,0.0,10.847564697265625,10.847564697265625,0.0,0.0,0.0,0.0,0.0,0.0
5,765,29.088716637925245,29.102252548909746,False,-23.25274658203125,-0.4058369994163513,-93.75823974609375,-1.636389970779419,88.48351287841797,1.5443285703659058,80.74725341796875,1.409305453300476,92.13186645507812,1.6080044507980347,0.6868131868131868,0.006868131868131868,-0.4376826286315918,-1.364975094795227,1.1695407629013062,1.4407591819763184,1.6107522249221802,0.0010131970047950745,-25.07736587524414,-0.43768260225027983,-89.75823974609375,-1.566576814363775,84.48351287841797,1.4745154633794253,82.5494155883789,1.440759097614344,92.28929901123047,1.610752132103519,0.10131970047950745,0.0010131970047950745,False,False,0.0,0.0,0.0,0.0,0.0,11.550933837890625,11.550933837890625,0.0,17.473770141601562,17.473770141601562,0.0,0.0,0.0,0.0,0.0,0.0
5,766,29.122220643912442,29.134301482932642,False,-23.340660095214844,-0.4073713719844818,-93.67032623291016,-1.6348556280136108,88.48351287841797,1.5443285703659058,80.83516693115234,1.4108397960662842,92.13186645507812,1.6080044507980347,0.6868131868131868,0.006868131868131868,-0.446056604385376,-1.2588587999343872,1.1180626153945923,1.438618779182434,1.6121596097946167,0.0019565895199775696,-25.557159423828125,-0.4460565794028977,-89.67032623291016,-1.565042434101726,84.48351287841797,1.4745154633794253,82.4267807006836,1.4386187150462473,92.36993408203125,1.6121594795815712,0.19565895199775696,0.0019565895199775696,False,False,0.0,0.0,0.0,0.0,0.0,17.54303741455078,17.54303741455078,0.0,20.423248291015625,20.423248291015625,0.0,0.0,0.0,0.0,0.0,0.0
5,767,29.155461431946605,29.16795930394437,False,-24.043956756591797,-0.4196462035179138,-92.70330047607422,-1.6179778575897217,88.48351287841797,1.5443285703659058,81.45054626464844,1.421580195426941,92.13186645507812,1.6080044507980347,0.6868131868131868,0.006868131868131868,-0.446023166179657,-1.248714804649353,1.0929557085037231,1.432765007019043,1.6071646213531494,0.00045277923345565796,-25.55524444580078,-0.44602315673121723,-88.70330047607422,-1.5481646506933486,84.48351287841797,1.4745154633794253,82.09138488769531,1.4327649538121987,92.08374786376953,1.6071645877990732,0.045277923345565796,0.00045277923345565796,False,False,0.0,0.0,0.0,0.0,0.0,17.15721893310547,17.15721893310547,0.0,21.861766815185547,21.861766815185547,0.0,0.0,0.0,0.0,0.0,0.0
5,768,29.18884013092611,29.19963846891187,False,-25.010988235473633,-0.43652409315109253,-91.29669952392578,-1.5934280157089233,88.3956069946289,1.5427943468093872,81.89010620117188,1.4292519092559814,92.13186645507812,1.6080044507980347,0.6868131868131868,0.006868131868131868,-0.4455196261405945,-1.2166093587875366,1.0866936445236206,1.4195923805236816,1.5978635549545288,0.0012891516089439392,-25.526391983032227,-0.4455195862585969,-87.29669952392578,-1.5236148328166712,84.3956069946289,1.4729812162754308,81.3366470336914,1.4195922932703942,91.55083465576172,1.5978634976919714,0.12891516089439392,0.0012891516089439392,False,False,0.0,0.0,0.0,0.0,0.0,17.590118408203125,17.590118408203125,0.0,22.132652282714844,22.132652282714844,0.0,0.0,0.0,0.0,0.0,0.0
5,769,29.222396895987913,29.233212030958384,False,-25.27472496032715,-0.44112715125083923,-90.06593322753906,-1.5719470977783203,88.3956069946289,1.5427943468093872,81.89010620117188,1.4292519092559814,92.57142639160156,1.6156761646270752,0.6868131868131868,0.006868131868131868,-0.4570978879928589,-1.1050198078155518,1.0002880096435547,1.4293248653411865,1.6024152040481567,0.0007806122303009033,-26.18977928161621,-0.45709787883479813,-86.06593322753906,-1.5021339086221466,84.3956069946289,1.4729812162754308,81.89427947998047,1.4293248154740887,91.8116226196289,1.602415106311026,0.07806122303009033,0.0007806122303009033,False,False,0.0,0.0,0.0,0.0,0.0,22.75296401977539,22.75296401977539,0.0,27.083328247070312,27.083328247070312,0.0,0.0,0.0,0.0,0.0,0.0
5,770,29.255897299968638,29.267926589935087,False,-25.186813354492188,-0.43959280848503113,-89.97801971435547,-1.5704126358032227,88.21977996826172,1.539725661277771,81.80220031738281,1.427717685699463,92.21977996826172,1.6095387935638428,0.6868131868131868,0.006868131868131868,-0.45337897539138794,-1.0465260744094849,0.9529738426208496,1.431485652923584,1.5939747095108032,0.002456173300743103,-25.976699829101562,-0.4533789408200706,-85.97801971435547,-1.5005995283600975,84.21977996826172,1.4699124557513326,82.01808166503906,1.4314855712245247,91.32801818847656,1.5939746167101831,0.2456173300743103,0.002456173300743103,False,False,0.0,0.0,0.0,0.0,0.0,26.016494750976562,26.016494750976562,0.0,29.618404388427734,29.618404388427734,0.0,0.0,0.0,0.0,0.0,0.0
5,771,29.2893285889877,29.321311171981506,False,-24.923076629638672,-0.4349897503852844,-88.65933990478516,-1.5473973751068115,88.04395294189453,1.5366568565368652,81.62637329101562,1.4246490001678467,91.86813354492188,1.6034014225006104,0.6868131868131868,0.006868131868131868,-0.474365770816803,-0.9419676065444946,0.8800517916679382,1.4283418655395508,1.5902620553970337,0.002343088388442993,-27.179155349731445,-0.47436574876384463,-84.65933990478516,-1.4775842239035237,84.04395294189453,1.4668436952272341,81.83795928955078,1.4283418427157406,91.11529541015625,1.5902619038345038,0.23430883884429932,0.002343088388442993,False,False,0.0,0.0,0.0,0.0,0.0,30.688575744628906,30.688575744628906,0.0,33.62070083618164,33.62070083618164,0.0,0.0,0.0,0.0,0.0,0.0
5,772,29.322849741904065,29.334925888921134,False,-25.626373291015625,-0.44726458191871643,-87.51648712158203,-1.5274507999420166,87.86813354492188,1.533588171005249,81.27472686767578,1.4185116291046143,92.30769348144531,1.6110731363296509,0.6868131868131868,0.006868131868131868,-0.4727444052696228,-0.8872606754302979,0.8609544038772583,1.4222447872161865,1.5854097604751587,0.0008808597922325134,-27.086257934570312,-0.4727443830026908,-83.51648712158203,-1.4576376799710482,83.86813354492188,1.4637750678611903,81.48861694335938,1.4222446685580588,90.8372802734375,1.5854096243283793,0.08808597922325134,0.0008808597922325134,False,False,0.0,0.0,0.0,0.0,0.0,32.680198669433594,32.680198669433594,0.0,34.53908157348633,34.53908157348633,0.0,0.0,0.0,0.0,0.0,0.0
5,773,29.356679030926898,29.37059645401314,False,-25.9780216217041,-0.45340201258659363,-87.34066009521484,-1.5243821144104004,87.78022003173828,1.532053828239441,81.27472686767578,1.4185116291046143,92.13186645507812,1.6080044507980347,0.6868131868131868,0.006868131868131868,-0.47907477617263794,-0.8546251058578491,0.8320295810699463,1.4188250303268433,1.5856573581695557,0.001899033784866333,-27.44896125793457,-0.47907475020332274,-83.34066009521484,-1.45456891944695,83.78022003173828,1.4622406875991412,81.29267883300781,1.418824903402288,90.85147094726562,1.5856572983097568,0.1899033784866333,0.001899033784866333,False,False,0.0,0.0,0.0,0.0,0.0,34.37425231933594,34.37425231933594,0.0,36.10844039916992,36.10844039916992,0.0,0.0,0.0,0.0,0.0,0.0
5,774,29.389936635969207,29.40377577196341,False,-25.9780216217041,-0.45340201258659363,-86.46154022216797,-1.5090385675430298,87.51648712158203,1.5274507999420166,81.18681335449219,1.4169771671295166,91.78022003173828,1.6018669605255127,0.6868131868131868,0.006868131868131868,-0.4878349304199219,-0.7971820831298828,0.7997018098831177,1.4178998470306396,1.5891202688217163,0.0010974332690238953,-27.950881958007812,-0.4878349190035158,-82.46154022216797,-1.4392253831425674,83.51648712158203,1.4576376799710482,81.23966979980469,1.4178997212395943,91.04988098144531,1.5891202066751868,0.10974332690238953,0.0010974332690238953,False,False,0.0,0.0,0.0,0.0,0.0,36.786373138427734,36.786373138427734,0.0,37.69695281982422,37.69695281982422,0.0,0.0,0.0,0.0,0.0,0.0
5,775,29.42306300299242,29.43661109195091,False,-26.505495071411133,-0.4626081585884094,-85.4065933227539,-1.4906262159347534,87.25274658203125,1.5228476524353027,81.18681335449219,1.4169771671295166,91.69230651855469,1.6003326177597046,0.6868131868131868,0.006868131868131868,-0.48755091428756714,-0.7244095802307129,0.7491376996040344,1.4237045049667358,1.5875518321990967,0.002933904528617859,-27.934608459472656,-0.4875508928732588,-81.4065933227539,-1.4208130863140866,83.25274658203125,1.4530345391849007,81.57225799560547,1.4237044803095855,90.96001434326172,1.5875517379511845,0.2933904528617859,0.002933904528617859,False,False,0.0,0.0,0.0,0.0,0.0,39.90098571777344,39.90098571777344,0.0,40.330322265625,40.330322265625,0.0,0.0,0.0,0.0,0.0,0.0
5,776,29.457320262910798,29.469398638000712,False,-27.560440063476562,-0.48102042078971863,-84.70330047607422,-1.4783514738082886,86.9011001586914,1.5167102813720703,81.18681335449219,1.4169771671295166,91.69230651855469,1.6003326177597046,0.6868131868131868,0.006868131868131868,-0.48840034008026123,-0.6627250909805298,0.6799768209457397,1.447177767753601,1.585716962814331,0.0021000802516937256,-27.9832763671875,-0.4884003081029396,-80.70330047607422,-1.4085383105338023,82.9011001586914,1.4468971512947586,82.91717529296875,1.4471777153155985,90.8548812866211,1.58571681996012,0.21000802516937256,0.0021000802516937256,False,False,0.0,0.0,0.0,0.0,0.0,42.73195266723633,42.73195266723633,0.0,43.94129943847656,43.94129943847656,0.0,0.0,0.0,0.0,0.0,0.0
5,777,29.490482473978773,29.503502886975184,False,-27.384614944458008,-0.47795170545578003,-83.82417297363281,-1.4630078077316284,86.72527313232422,1.513641595840454,81.18681335449219,1.4169771671295166,91.69230651855469,1.6003326177597046,0.6868131868131868,0.006868131868131868,-0.48349326848983765,-0.622699499130249,0.6774513125419617,1.4462755918502808,1.5883841514587402,0.00262267142534256,-27.70212173461914,-0.4834932340573868,-79.82417297363281,-1.3931946410713654,82.72527313232422,1.4438283907706604,82.86548614501953,1.446275569496334,91.00770568847656,1.588384108949889,0.262267142534256,0.00262267142534256,False,False,0.0,0.0,0.0,0.0,0.0,44.146121978759766,44.146121978759766,0.0,43.91017532348633,43.91017532348633,0.0,0.0,0.0,0.0,0.0,0.0
5,778,29.523812530911528,29.538009405951016,False,-27.120878219604492,-0.47334861755371094,-83.03296661376953,-1.449198603630066,86.37362670898438,1.5075041055679321,81.18681335449219,1.4169771671295166,91.6043930053711,1.5987982749938965,0.6868131868131868,0.006868131868131868,-0.49029701948165894,-0.6347551345825195,0.6613125801086426,1.4428057670593262,1.5791423320770264,0.0015978440642356873,-28.091947555541992,-0.4902969781417804,-79.03296661376953,-1.379385485029032,82.37362670898438,1.4376910028805183,82.66667938232422,1.44280573691207,90.47818756103516,1.5791422741770413,0.15978440642356873,0.0015978440642356873,False,False,0.0,0.0,0.0,0.0,0.0,42.66417694091797,42.66417694091797,0.0,44.48320770263672,44.48320770263672,0.0,0.0,0.0,0.0,0.0,0.0
5,779,29.5572814559564,29.568184397998266,False,-27.824174880981445,-0.48562344908714294,-82.24176025390625,-1.435389518737793,86.19779968261719,1.504435420036316,81.36264038085938,1.4200459718704224,91.6043930053711,1.5987982749938965,0.6868131868131868,0.006868131868131868,-0.49882107973098755,-0.6305702924728394,0.6613712906837463,1.4465125799179077,1.5853309631347656,0.0008844062685966492,-28.580341339111328,-0.4988210577113379,-78.24176025390625,-1.3655763289866987,82.19779968261719,1.4346222423564199,82.87905883789062,1.4465124576752968,90.83277130126953,1.5853309279181675,0.08844062685966492,0.0008844062685966492,False,False,0.0,0.0,0.0,0.0,0.0,42.11274719238281,42.11274719238281,0.0,44.304019927978516,44.304019927978516,0.0,0.0,0.0,0.0,0.0,0.0
5,780,29.590688656899147,29.754616724909283,False,-28.0,-0.48869219422340393,-81.53845977783203,-1.423114538192749,85.93406677246094,1.4998323917388916,81.36264038085938,1.4200459718704224,91.6043930053711,1.5987982749938965,0.6868131868131868,0.006868131868131868,-0.48648953437805176,-1.538444995880127,1.4990451335906982,1.4111462831497192,1.58756685256958,0.004382386803627014,-27.873796463012695,-0.48648952331032136,-85.53845977783203,-1.4929277602079063,85.88895416259766,1.4990450412318181,80.85272216796875,1.4111462110312625,90.96087646484375,1.5875667848113435,0.4382386803627014,0.004382386803627014,False,False,0.0,0.0,0.0,0.0,0.0,2.607940673828125,2.607940673828125,0.0,0.0,0.0,0.0,0.0,0.0,0.0,0.0,0.0
5,781,29.756117176963016,29.76893640391063,False,-28.08791160583496,-0.49022653698921204,-79.69230651855469,-1.3908931016921997,85.05494689941406,1.484488844871521,81.36264038085938,1.4200459718704224,91.6043930053711,1.5987982749938965,0.6868131868131868,0.006868131868131868,-0.4674059748649597,-1.5587280988693237,1.488692283630371,1.4073177576065063,1.5933274030685425,0.0017228350043296814,-26.78038787841797,-0.4674059434395724,-83.69230651855469,-1.460706307337092,85.2957763671875,1.4886921356521896,80.63336181640625,1.4073176506481646,91.29093170166016,1.5933273354072395,0.17228350043296814,0.0017228350043296814,False,False,0.0,0.0,0.0,0.0,0.0,5.616233825683594,5.616233825683594,0.0,0.0,0.0,0.0,0.0,0.0,0.0,0.0,0.0
5,782,29.789631800958887,29.802661777008325,False,-28.351648330688477,-0.49482959508895874,-79.6043930053711,-1.3893587589263916,85.05494689941406,1.484488844871521,81.36264038085938,1.4200459718704224,91.6043930053711,1.5987982749938965,0.6868131868131868,0.006868131868131868,-0.4780843257904053,-1.4992741346359253,1.4594143629074097,1.4099957942962646,1.6047722101211548,0.0029071643948554993,-27.3922119140625,-0.47808428730440866,-83.6043930053711,-1.459171927075043,83.61827850341797,1.45941427473424,80.78680419921875,1.4099957254403481,91.94667053222656,1.6047721370338004,0.2907164394855499,0.0029071643948554993,False,False,0.0,0.0,0.0,0.0,0.0,2.2976837158203125,2.2976837158203125,0.0,0.0,0.0,0.0,0.0,0.0,0.0,0.0,0.0
5,783,29.82273092493415,29.833142855903134,False,-28.439559936523438,-0.49636396765708923,-80.04395294189453,-1.3970304727554321,85.14286041259766,1.486023187637329,81.0988998413086,1.4154428243637085,91.6043930053711,1.5987982749938965,0.6868131868131868,0.006868131868131868,-0.4745197296142578,-1.533911108970642,1.4705817699432373,1.4073776006698608,1.5967177152633667,0.0015967488288879395,-27.187976837158203,-0.47451971276436483,-84.04395294189453,-1.4668436952272341,84.25812530517578,1.4705817081332693,80.63679504394531,1.4073775717726913,91.48518371582031,1.5967176726329648,0.15967488288879395,0.0015967488288879395,False,False,0.0,0.0,0.0,0.0,0.0,3.8426742553710938,3.8426742553710938,0.0,0.0,0.0,0.0,0.0,0.0,0.0,0.0,0.0
5,784,29.85663220298011,29.869661964010447,False,-27.47252655029297,-0.47948604822158813,-81.53845977783203,-1.423114538192749,85.75823974609375,1.4967635869979858,81.010986328125,1.4139084815979004,91.6043930053711,1.5987982749938965,0.6868131868131868,0.006868131868131868,-0.47434908151626587,-1.5326037406921387,1.4614804983139038,1.4079082012176514,1.6035712957382202,0.002570413053035736,-27.178199768066406,-0.47434907071751803,-85.53845977783203,-1.4929277602079063,83.73665618896484,1.4614803551079236,80.66719055175781,1.407908073461835,91.87786102294922,1.6035711845402292,0.2570413053035736,0.002570413053035736,False,False,0.0,0.0,0.0,0.0,0.0,2.2732620239257812,2.2732620239257812,0.0,0.0,0.0,0.0,0.0,0.0,0.0,0.0,0.0
5,785,29.889788378961384,29.901477906969376,False,-27.384614944458008,-0.47795170545578003,-82.4175796508789,-1.4384580850601196,85.75823974609375,1.4967635869979858,81.18681335449219,1.4169771671295166,91.16483306884766,1.5911264419555664,0.6868131868131868,0.006868131868131868,-0.49582773447036743,-1.4067714214324951,1.2933006286621094,1.4192177057266235,1.6126247644424438,0.0026663467288017273,-28.40883445739746,-0.49582769793560244,-80.60205841064453,-1.406771303150535,81.75823974609375,1.4269504742042287,81.31517791748047,1.41921758650502,92.39659118652344,1.612624733824008,0.26663467288017273,0.0026663467288017273,False,False,0.0,0.0,0.0,0.0,0.0,0.0,0.0,0.0,7.6575775146484375,7.6575775146484375,0.0,0.0,0.0,0.0,0.0,0.0
5,786,29.923261104966514,29.93730643694289,False,-27.91208839416504,-0.4871578514575958,-83.64835357666016,-1.4599391222000122,85.75823974609375,1.4967635869979858,81.36264038085938,1.4200459718704224,91.34066009521484,1.5941952466964722,0.6868131868131868,0.006868131868131868,-0.49542874097824097,-1.410540223121643,1.298370599746704,1.4158222675323486,1.6089991331100464,0.00409795343875885,-28.385974884033203,-0.49542872311479497,-80.81800079345703,-1.410540208725215,81.75823974609375,1.4269504742042287,81.12063598632812,1.4158221892732237,92.18885803222656,1.6089991063159743,0.409795343875885,0.00409795343875885,False,False,0.0,0.0,0.0,0.0,0.0,0.0,0.0,0.0,7.367088317871094,7.367088317871094,0.0,0.0,0.0,0.0,0.0,0.0
5,787,29.95677760289982,29.96926983690355,False,-27.91208839416504,-0.4871578514575958,-84.26373291015625,-1.470679521560669,85.67032623291016,1.4952292442321777,81.45054626464844,1.421580195426941,91.78022003173828,1.6018669605255127,0.6868131868131868,0.006868131868131868,-0.49943989515304565,-1.4106656312942505,1.3635129928588867,1.4123339653015137,1.5996313095092773,0.0035979151725769043,-28.61579704284668,-0.49943987648013144,-80.82518005371094,-1.4106655104545032,81.67032623291016,1.4254160939421796,80.92076873779297,1.4123338477193832,91.65211486816406,1.5996311708655115,0.35979151725769043,0.0035979151725769043,False,False,0.0,0.0,0.0,0.0,0.0,0.0,0.0,0.0,3.5467910766601562,3.5467910766601562,0.0,0.0,0.0,0.0,0.0,0.0
5,788,29.990180208929814,30.002867741975933,False,-27.736263275146484,-0.48408910632133484,-83.9120864868164,-1.4645421504974365,85.31867980957031,1.4890918731689453,81.45054626464844,1.421580195426941,91.51648712158203,1.597264051437378,0.6868131868131868,0.006868131868131868,-0.4859788417816162,-1.5045347213745117,1.4320580959320068,1.412168025970459,1.5983117818832397,0.004217162728309631,-27.84453582763672,-0.48597882888178506,-86.20348358154297,-1.5045346151867987,82.0508804321289,1.432058017700837,80.91126251220703,1.4121679327834713,91.5765151977539,1.5983117077034317,0.42171627283096313,0.004217162728309631,False,False,0.0,0.0,0.0,0.0,0.0,0.0,0.0,0.0,0.0,0.0,0.0,0.0,0.0,0.0,0.0,0.0
